Time(s),Frequency(Hz)
0.000,2200020535.870
1.000,2200020446.251
2.000,2200020371.838
3.000,2200020273.240
4.000,2200020187.187
5.000,2200020099.767
6.000,2200020014.725
7.000,2200019927.344
8.000,2200019841.626
9.000,2200019748.369
10.000,2200019661.970
11.000,2200019572.566
12.000,2200019475.498
13.000,2200019385.410
14.000,2200019296.449
15.000,2200019203.772
16.000,2200019124.471
17.000,2200019026.431
18.000,2200018943.732
19.000,2200018853.206
20.000,2200018761.895
21.000,2200018667.709
22.000,2200018570.681
23.000,2200018481.702
24.000,2200018395.406
25.000,2200018302.817
26.000,2200018200.399
27.000,2200018109.605
28.000,2200018017.311
29.000,2200017921.624
30.000,2200017836.179
31.000,2200017733.667
32.000,2200017640.955
33.000,2200017552.456
34.000,2200017453.083
35.000,2200017357.728
36.000,2200017269.322
37.000,2200017177.373
38.000,2200017073.294
39.000,2200016979.045
40.000,2200016882.674
41.000,2200016784.889
42.000,2200016688.116
43.000,2200016593.001
44.000,2200016504.941
45.000,2200016397.196
46.000,2200016302.173
47.000,2200016202.492
48.000,2200016106.520
49.000,2200016008.342
50.000,2200015910.825
51.000,2200015812.472
52.000,2200015714.140
53.000,2200015613.444
54.000,2200015517.734
55.000,2200015416.001
56.000,2200015314.286
57.000,2200015227.509
58.000,2200015118.873
59.000,2200015016.965
60.000,2200014917.064
61.000,2200014816.972
62.000,2200014714.670
63.000,2200014613.786
64.000,2200014513.523
65.000,2200014410.224
66.000,2200014318.237
67.000,2200014207.940
68.000,2200014106.517
69.000,2200014014.216
70.000,2200013900.641
71.000,2200013808.195
72.000,2200013696.486
73.000,2200013594.327
74.000,2200013489.495
75.000,2200013389.074
76.000,2200013283.865
77.000,2200013177.522
78.000,2200013081.584
79.000,2200012980.097
80.000,2200012865.063
81.000,2200012761.261
82.000,2200012663.579
83.000,2200012560.955
84.000,2200012454.950
85.000,2200012349.339
86.000,2200012234.935
87.000,2200012135.990
88.000,2200012021.390
89.000,2200011914.718
90.000,2200011818.803
91.000,2200011713.108
92.000,2200011606.319
93.000,2200011498.645
94.000,2200011392.997
95.000,2200011285.182
96.000,2200011174.958
97.000,2200011069.440
98.000,2200010960.338
99.000,2200010852.242
100.000,2200010744.906
101.000,2200010635.236
102.000,2200010535.948
103.000,2200010417.453
104.000,2200010319.488
105.000,2200010200.661
106.000,2200010091.495
107.000,2200009991.365
108.000,2200009872.391
109.000,2200009772.000
110.000,2200009662.264
111.000,2200009552.220
112.000,2200009434.813
113.000,2200009331.711
114.000,2200009221.081
115.000,2200009109.423
116.000,2200008998.367
117.000,2200008891.578
118.000,2200008776.642
119.000,2200008668.071
120.000,2200008555.448
121.000,2200008441.309
122.000,2200008330.087
123.000,2200008218.113
124.000,2200008119.139
125.000,2200008007.084
126.000,2200007893.728
127.000,2200007771.640
128.000,2200007667.840
129.000,2200007555.752
130.000,2200007431.655
131.000,2200007329.307
132.000,2200007217.762
133.000,2200007103.614
134.000,2200006990.654
135.000,2200006877.579
136.000,2200006761.961
137.000,2200006648.384
138.000,2200006548.021
139.000,2200006422.891
140.000,2200006310.849
141.000,2200006195.880
142.000,2200006092.187
143.000,2200005967.042
144.000,2200005862.893
145.000,2200005737.672
146.000,2200005634.846
147.000,2200005519.458
148.000,2200005403.848
149.000,2200005288.152
150.000,2200005172.370
151.000,2200005059.133
152.000,2200004943.450
153.000,2200004827.168
154.000,2200004711.190
155.000,2200004606.452
156.000,2200004481.539
157.000,2200004375.476
158.000,2200004261.758
159.000,2200004135.258
160.000,2200004018.472
161.000,2200003912.406
162.000,2200003797.272
163.000,2200003680.544
164.000,2200003563.752
165.000,2200003459.501
166.000,2200003332.364
167.000,2200003224.945
168.000,2200003111.013
169.000,2200002985.749
170.000,2200002878.436
171.000,2200002750.871
172.000,2200002646.355
173.000,2200002528.077
174.000,2200002413.434
175.000,2200002292.838
176.000,2200002187.994
177.000,2200002059.672
178.000,2200001954.995
179.000,2200001836.391
180.000,2200001721.861
181.000,2200001602.990
182.000,2200001487.972
183.000,2200001359.104
184.000,2200001251.464
185.000,2200001135.646
186.000,2200001019.816
187.000,2200000901.532
188.000,2200000782.606
189.000,2200000666.929
190.000,2200000548.398
191.000,2200000432.698
192.000,2200000316.715
193.000,2200000198.335
194.000,2200000092.989
195.000,2199999974.000
196.000,2199999855.275
197.000,2199999739.707
198.000,2199999623.996
199.000,2199999505.000
200.000,2199999388.636
201.000,2199999269.737
202.000,2199999164.480
203.000,2199999048.729
204.000,2199998932.511
205.000,2199998810.514
206.000,2199998694.406
207.000,2199998578.641
208.000,2199998462.664
209.000,2199998343.631
210.000,2199998235.318
211.000,2199998122.128
212.000,2199997992.675
213.000,2199997876.688
214.000,2199997771.370
215.000,2199997652.265
216.000,2199997533.415
217.000,2199997417.556
218.000,2199997304.664
219.000,2199997185.833
220.000,2199997080.796
221.000,2199996961.973
222.000,2199996846.163
223.000,2199996730.404
224.000,2199996611.541
225.000,2199996485.134
226.000,2199996380.338
227.000,2199996264.674
228.000,2199996146.128
229.000,2199996030.531
230.000,2199995925.755
231.000,2199995799.648
232.000,2199995684.195
233.000,2199995576.480
234.000,2199995461.112
235.000,2199995342.816
236.000,2199995230.802
237.000,2199995112.463
238.000,2199994997.414
239.000,2199994882.418
240.000,2199994778.273
241.000,2199994663.287
242.000,2199994545.333
243.000,2199994430.559
244.000,2199994315.874
245.000,2199994201.275
246.000,2199994097.463
247.000,2199993972.337
248.000,2199993857.836
249.000,2199993751.082
250.000,2199993636.768
251.000,2199993522.664
252.000,2199993397.809
253.000,2199993294.635
254.000,2199993177.363
255.000,2199993066.841
256.000,2199992949.834
257.000,2199992836.192
258.000,2199992733.299
259.000,2199992623.168
260.000,2199992506.596
261.000,2199992393.201
262.000,2199992279.890
263.000,2199992167.026
264.000,2199992064.727
265.000,2199991951.925
266.000,2199991828.453
267.000,2199991715.683
268.000,2199991613.909
269.000,2199991490.651
270.000,2199991389.160
271.000,2199991277.006
272.000,2199991164.898
273.000,2199991063.567
274.000,2199990940.979
275.000,2199990839.928
276.000,2199990720.850
277.000,2199990616.684
278.000,2199990505.310
279.000,2199990408.212
280.000,2199990286.286
281.000,2199990171.809
282.000,2199990064.570
283.000,2199989964.460
284.000,2199989853.814
285.000,2199989743.299
286.000,2199989632.952
287.000,2199989522.735
288.000,2199989412.675
289.000,2199989313.425
290.000,2199989203.661
291.000,2199989083.135
292.000,2199988977.131
293.000,2199988878.223
294.000,2199988769.337
295.000,2199988663.304
296.000,2199988551.261
297.000,2199988445.812
298.000,2199988337.303
299.000,2199988239.101
300.000,2199988130.896
301.000,2199988013.778
302.000,2199987916.278
303.000,2199987810.334
304.000,2199987702.575
305.000,2199987594.986
306.000,2199987499.919
307.000,2199987383.806
308.000,2199987276.763
309.000,2199987182.162
310.000,2199987075.446
311.000,2199986968.890
312.000,2199986864.271
313.000,2199986759.626
314.000,2199986653.579
315.000,2199986549.543
316.000,2199986454.369
317.000,2199986350.497
318.000,2199986244.969
319.000,2199986141.616
320.000,2199986038.445
321.000,2199985935.245
322.000,2199985830.908
323.000,2199985738.189
324.000,2199985625.510
325.000,2199985531.764
326.000,2199985431.321
327.000,2199985327.162
328.000,2199985225.663
329.000,2199985124.048
330.000,2199985022.528
331.000,2199984919.552
332.000,2199984818.452
333.000,2199984727.704
334.000,2199984627.034
335.000,2199984525.067
336.000,2199984426.328
337.000,2199984326.461
338.000,2199984234.965
339.000,2199984135.194
340.000,2199984035.471
341.000,2199983936.190
342.000,2199983837.109
343.000,2199983738.230
344.000,2199983639.246
345.000,2199983540.870
346.000,2199983452.584
347.000,2199983354.803
348.000,2199983246.382
349.000,2199983148.494
350.000,2199983061.343
351.000,2199982965.856
352.000,2199982866.878
353.000,2199982771.542
354.000,2199982683.463
355.000,2199982586.770
356.000,2199982480.305
357.000,2199982385.932
358.000,2199982300.304
359.000,2199982206.471
360.000,2199982108.955
361.000,2199982015.558
362.000,2199981920.534
363.000,2199981835.795
364.000,2199981742.919
365.000,2199981646.587
366.000,2199981544.212
367.000,2199981460.166
368.000,2199981366.454
369.000,2199981274.669
370.000,2199981191.299
371.000,2199981089.837
372.000,2199980996.988
373.000,2199980902.329
374.000,2199980811.496
375.000,2199980721.281
376.000,2199980638.977
377.000,2199980549.009
378.000,2199980457.335
379.000,2199980365.882
380.000,2199980276.501
381.000,2199980197.264
382.000,2199980104.756
383.000,2199980007.671
384.000,2199979927.364
385.000,2199979847.178
386.000,2199979749.152
387.000,2199979661.251
388.000,2199979581.609
389.000,2199979494.365
390.000,2199979405.096
391.000,2199979318.261
