Time(s),Frequency(Hz)
0.000,2200018125.973
1.000,2200018035.283
2.000,2200017941.681
3.000,2200017854.265
4.000,2200017751.242
5.000,2200017663.583
6.000,2200017577.459
7.000,2200017484.202
8.000,2200017388.845
9.000,2200017297.302
10.000,2200017203.366
11.000,2200017112.657
12.000,2200017018.517
13.000,2200016925.597
14.000,2200016829.267
15.000,2200016736.332
16.000,2200016643.374
17.000,2200016554.920
18.000,2200016452.747
19.000,2200016356.628
20.000,2200016272.203
21.000,2200016178.076
22.000,2200016072.518
23.000,2200015983.499
24.000,2200015886.670
25.000,2200015784.818
26.000,2200015694.891
27.000,2200015597.840
28.000,2200015500.774
29.000,2200015396.028
30.000,2200015305.723
31.000,2200015209.837
32.000,2200015109.738
33.000,2200015013.836
34.000,2200014917.003
35.000,2200014826.225
36.000,2200014719.528
37.000,2200014620.934
38.000,2200014519.961
39.000,2200014420.826
40.000,2200014333.050
41.000,2200014233.402
42.000,2200014131.231
43.000,2200014021.619
44.000,2200013932.017
45.000,2200013828.961
46.000,2200013719.254
47.000,2200013630.179
48.000,2200013527.777
49.000,2200013426.682
50.000,2200013327.792
51.000,2200013225.028
52.000,2200013123.093
53.000,2200013021.606
54.000,2200012916.555
55.000,2200012818.284
56.000,2200012712.091
57.000,2200012608.152
58.000,2200012515.264
59.000,2200012404.939
60.000,2200012310.455
61.000,2200012208.019
62.000,2200012104.846
63.000,2200011999.933
64.000,2200011894.859
65.000,2200011791.182
66.000,2200011687.975
67.000,2200011582.712
68.000,2200011476.713
69.000,2200011372.385
70.000,2200011268.863
71.000,2200011162.682
72.000,2200011058.869
73.000,2200010952.243
74.000,2200010855.711
75.000,2200010748.659
76.000,2200010632.156
77.000,2200010538.705
78.000,2200010431.478
79.000,2200010322.745
80.000,2200010219.011
81.000,2200010111.613
82.000,2200010002.191
83.000,2200009908.362
84.000,2200009788.867
85.000,2200009693.183
86.000,2200009574.863
87.000,2200009478.274
88.000,2200009369.766
89.000,2200009250.088
90.000,2200009154.056
91.000,2200009044.237
92.000,2200008934.411
93.000,2200008835.144
94.000,2200008717.672
95.000,2200008610.238
96.000,2200008507.070
97.000,2200008400.166
98.000,2200008288.714
99.000,2200008180.814
100.000,2200008069.998
101.000,2200007962.388
102.000,2200007851.445
103.000,2200007742.118
104.000,2200007633.770
105.000,2200007522.149
106.000,2200007420.908
107.000,2200007301.844
108.000,2200007199.672
109.000,2200007079.767
110.000,2200006981.266
111.000,2200006855.856
112.000,2200006759.208
113.000,2200006646.553
114.000,2200006536.248
115.000,2200006423.785
116.000,2200006310.618
117.000,2200006210.299
118.000,2200006089.675
119.000,2200005976.028
120.000,2200005875.774
121.000,2200005762.050
122.000,2200005648.921
123.000,2200005537.934
124.000,2200005426.289
125.000,2200005315.240
126.000,2200005200.998
127.000,2200005087.040
128.000,2200004988.484
129.000,2200004873.909
130.000,2200004752.038
131.000,2200004637.301
132.000,2200004535.823
133.000,2200004420.772
134.000,2200004308.877
135.000,2200004196.300
136.000,2200004081.299
137.000,2200003969.047
138.000,2200003867.153
139.000,2200003754.519
140.000,2200003639.103
141.000,2200003526.518
142.000,2200003403.122
143.000,2200003300.796
144.000,2200003184.962
145.000,2200003072.020
146.000,2200002969.363
147.000,2200002842.833
148.000,2200002729.640
149.000,2200002616.245
150.000,2200002500.258
151.000,2200002397.347
152.000,2200002283.859
153.000,2200002170.211
154.000,2200002053.720
155.000,2200001953.909
156.000,2200001826.520
157.000,2200001723.466
158.000,2200001596.128
159.000,2200001485.330
160.000,2200001382.027
161.000,2200001265.139
162.000,2200001151.287
163.000,2200001047.728
164.000,2200000923.326
165.000,2200000819.711
166.000,2200000692.107
167.000,2200000588.560
168.000,2200000474.421
169.000,2200000360.326
170.000,2200000246.039
171.000,2200000131.929
172.000,2200000014.460
173.000,2199999910.870
174.000,2199999785.949
175.000,2199999671.673
176.000,2199999567.994
177.000,2199999453.511
178.000,2199999328.692
179.000,2199999224.898
180.000,2199999110.535
181.000,2199998996.255
182.000,2199998881.767
183.000,2199998767.406
184.000,2199998652.911
185.000,2199998549.280
186.000,2199998424.394
187.000,2199998306.695
188.000,2199998206.293
189.000,2199998091.742
190.000,2199997977.432
191.000,2199997862.941
192.000,2199997745.527
193.000,2199997645.066
194.000,2199997530.735
195.000,2199997416.348
196.000,2199997299.023
197.000,2199997187.957
198.000,2199997073.720
199.000,2199996959.347
200.000,2199996855.779
201.000,2199996741.921
202.000,2199996627.421
203.000,2199996502.993
204.000,2199996399.471
205.000,2199996285.562
206.000,2199996171.528
207.000,2199996071.397
208.000,2199995946.866
209.000,2199995829.684
210.000,2199995729.792
211.000,2199995605.407
212.000,2199995491.716
213.000,2199995392.016
214.000,2199995278.445
215.000,2199995164.616
216.000,2199995061.804
217.000,2199994948.103
218.000,2199994824.198
219.000,2199994710.641
220.000,2199994600.835
221.000,2199994494.723
222.000,2199994385.087
223.000,2199994282.461
224.000,2199994160.363
225.000,2199994058.242
226.000,2199993934.641
227.000,2199993834.032
228.000,2199993710.942
229.000,2199993610.180
230.000,2199993497.882
231.000,2199993386.703
232.000,2199993284.865
233.000,2199993163.610
234.000,2199993061.959
235.000,2199992951.501
236.000,2199992841.134
237.000,2199992730.594
238.000,2199992617.026
239.000,2199992517.587
240.000,2199992407.634
241.000,2199992286.932
242.000,2199992185.784
243.000,2199992076.157
244.000,2199991966.403
245.000,2199991855.560
246.000,2199991745.470
247.000,2199991636.018
248.000,2199991527.267
249.000,2199991418.074
250.000,2199991307.278
251.000,2199991198.352
252.000,2199991100.017
253.000,2199990989.633
254.000,2199990881.009
255.000,2199990772.586
256.000,2199990664.271
257.000,2199990566.595
258.000,2199990446.316
259.000,2199990348.331
260.000,2199990230.107
261.000,2199990132.885
262.000,2199990025.395
263.000,2199989917.528
264.000,2199989820.762
265.000,2199989703.660
266.000,2199989594.429
267.000,2199989488.972
268.000,2199989390.913
269.000,2199989286.170
270.000,2199989179.774
271.000,2199989073.078
272.000,2199988966.536
273.000,2199988870.963
274.000,2199988764.807
275.000,2199988648.651
276.000,2199988553.220
277.000,2199988447.816
278.000,2199988343.978
279.000,2199988237.151
280.000,2199988134.032
281.000,2199988027.157
282.000,2199987923.864
283.000,2199987829.509
284.000,2199987724.801
285.000,2199987620.687
286.000,2199987516.358
287.000,2199987412.197
288.000,2199987310.051
289.000,2199987216.429
290.000,2199987102.925
291.000,2199987009.619
292.000,2199986908.148
293.000,2199986804.995
294.000,2199986703.817
295.000,2199986601.394
296.000,2199986500.115
297.000,2199986395.972
298.000,2199986305.613
299.000,2199986203.556
300.000,2199986103.425
301.000,2199986001.661
302.000,2199985901.888
303.000,2199985800.409
304.000,2199985700.851
305.000,2199985598.122
306.000,2199985498.864
307.000,2199985400.000
308.000,2199985299.230
309.000,2199985199.170
310.000,2199985110.664
311.000,2199985012.678
312.000,2199984912.745
313.000,2199984814.891
314.000,2199984715.403
315.000,2199984627.877
316.000,2199984530.669
317.000,2199984423.573
318.000,2199984324.772
319.000,2199984237.823
320.000,2199984129.441
321.000,2199984043.149
322.000,2199983945.237
323.000,2199983851.012
324.000,2199983753.673
325.000,2199983666.225
326.000,2199983560.211
327.000,2199983475.442
328.000,2199983370.206
329.000,2199983285.371
330.000,2199983188.827
331.000,2199983094.652
332.000,2199983000.144
333.000,2199982905.873
334.000,2199982812.465
335.000,2199982728.483
336.000,2199982633.218
337.000,2199982539.666
338.000,2199982446.834
339.000,2199982353.946
340.000,2199982271.003
341.000,2199982178.491
342.000,2199982076.408
343.000,2199981984.539
344.000,2199981900.301
345.000,2199981810.695
