Time(s),Frequency(Hz)
0.000,2200032120.296
1.000,2200032066.692
2.000,2200032003.985
3.000,2200031944.206
4.000,2200031875.001
5.000,2200031816.975
6.000,2200031753.945
7.000,2200031694.704
8.000,2200031631.510
9.000,2200031571.791
10.000,2200031507.669
11.000,2200031438.939
12.000,2200031376.951
13.000,2200031315.091
14.000,2200031254.193
15.000,2200031189.072
16.000,2200031124.501
17.000,2200031055.475
18.000,2200030991.993
19.000,2200030922.146
20.000,2200030857.260
21.000,2200030789.329
22.000,2200030727.953
23.000,2200030653.984
24.000,2200030588.727
25.000,2200030519.635
26.000,2200030456.497
27.000,2200030390.676
28.000,2200030314.729
29.000,2200030249.113
30.000,2200030180.667
31.000,2200030116.992
32.000,2200030041.054
33.000,2200029972.494
34.000,2200029904.794
35.000,2200029841.883
36.000,2200029770.300
37.000,2200029692.670
38.000,2200029615.018
39.000,2200029556.519
40.000,2200029477.556
41.000,2200029407.940
42.000,2200029338.045
43.000,2200029258.573
44.000,2200029181.665
45.000,2200029107.687
46.000,2200029030.245
47.000,2200028959.308
48.000,2200028886.323
49.000,2200028817.116
50.000,2200028744.963
51.000,2200028666.560
52.000,2200028584.818
53.000,2200028517.862
54.000,2200028440.878
55.000,2200028361.500
56.000,2200028282.083
57.000,2200028207.899
58.000,2200028135.822
59.000,2200028049.170
60.000,2200027976.161
61.000,2200027896.100
62.000,2200027820.097
63.000,2200027734.282
64.000,2200027653.511
65.000,2200027574.071
66.000,2200027497.939
67.000,2200027422.930
68.000,2200027336.279
69.000,2200027250.010
70.000,2200027171.953
71.000,2200027091.778
72.000,2200027007.884
73.000,2200026919.289
74.000,2200026842.225
75.000,2200026755.239
76.000,2200026672.733
77.000,2200026595.835
78.000,2200026507.232
79.000,2200026421.326
80.000,2200026327.512
81.000,2200026248.363
82.000,2200026162.286
83.000,2200026085.531
84.000,2200025998.500
85.000,2200025902.652
86.000,2200025822.683
87.000,2200025731.327
88.000,2200025637.203
89.000,2200025557.014
90.000,2200025467.152
91.000,2200025372.759
92.000,2200025293.135
93.000,2200025197.752
94.000,2200025115.340
95.000,2200025024.347
96.000,2200024936.598
97.000,2200024841.448
98.000,2200024752.997
99.000,2200024660.772
100.000,2200024565.369
101.000,2200024475.194
102.000,2200024387.663
103.000,2200024297.513
104.000,2200024195.596
105.000,2200024101.462
106.000,2200024014.933
107.000,2200023912.814
108.000,2200023816.914
109.000,2200023721.985
110.000,2200023627.099
111.000,2200023538.663
112.000,2200023445.383
113.000,2200023345.156
114.000,2200023244.699
115.000,2200023152.272
116.000,2200023056.923
117.000,2200022958.209
118.000,2200022858.060
119.000,2200022760.745
120.000,2200022661.778
121.000,2200022557.376
122.000,2200022462.613
123.000,2200022366.889
124.000,2200022271.474
125.000,2200022165.031
126.000,2200022061.987
127.000,2200021968.430
128.000,2200021857.613
129.000,2200021752.940
130.000,2200021659.089
131.000,2200021550.939
132.000,2200021462.565
133.000,2200021350.778
134.000,2200021243.587
135.000,2200021131.104
136.000,2200021034.976
137.000,2200020937.995
138.000,2200020827.495
139.000,2200020720.376
140.000,2200020616.161
141.000,2200020514.394
142.000,2200020406.178
143.000,2200020300.411
144.000,2200020194.673
145.000,2200020081.795
146.000,2200019982.781
147.000,2200019876.431
148.000,2200019764.988
149.000,2200019658.346
150.000,2200019543.136
151.000,2200019435.544
152.000,2200019327.334
153.000,2200019215.143
154.000,2200019110.334
155.000,2200019007.825
156.000,2200018891.903
157.000,2200018781.528
158.000,2200018660.663
159.000,2200018550.294
160.000,2200018446.883
161.000,2200018328.662
162.000,2200018217.088
163.000,2200018098.825
164.000,2200017993.691
165.000,2200017882.182
166.000,2200017757.964
167.000,2200017645.201
168.000,2200017532.144
169.000,2200017418.008
170.000,2200017297.930
171.000,2200017187.459
172.000,2200017069.725
173.000,2200016961.852
174.000,2200016832.411
175.000,2200016724.945
176.000,2200016601.848
177.000,2200016482.256
178.000,2200016358.736
179.000,2200016249.955
180.000,2200016130.420
181.000,2200016016.208
182.000,2200015895.452
183.000,2200015778.012
184.000,2200015648.406
185.000,2200015535.198
186.000,2200015413.242
187.000,2200015292.855
188.000,2200015167.537
189.000,2200015055.132
190.000,2200014922.291
191.000,2200014809.321
192.000,2200014680.941
193.000,2200014562.776
194.000,2200014433.524
195.000,2200014313.046
196.000,2200014198.617
197.000,2200014070.696
198.000,2200013940.835
199.000,2200013820.422
200.000,2200013698.920
201.000,2200013574.156
202.000,2200013445.571
203.000,2200013322.384
204.000,2200013199.230
205.000,2200013067.354
206.000,2200012945.419
207.000,2200012816.787
208.000,2200012693.399
209.000,2200012564.959
210.000,2200012436.802
211.000,2200012308.699
212.000,2200012183.541
213.000,2200012049.464
214.000,2200011929.609
215.000,2200011794.443
216.000,2200011665.722
217.000,2200011539.061
218.000,2200011409.328
219.000,2200011287.200
220.000,2200011151.292
221.000,2200011016.411
222.000,2200010894.113
223.000,2200010771.678
224.000,2200010626.384
225.000,2200010503.223
226.000,2200010368.707
227.000,2200010240.073
228.000,2200010108.192
229.000,2200009969.796
230.000,2200009838.026
231.000,2200009717.082
232.000,2200009575.532
233.000,2200009451.784
234.000,2200009312.504
235.000,2200009184.139
236.000,2200009050.409
237.000,2200008910.981
238.000,2200008776.598
239.000,2200008643.085
240.000,2200008508.606
241.000,2200008377.108
242.000,2200008239.652
243.000,2200008121.932
244.000,2200007978.165
245.000,2200007842.586
246.000,2200007710.713
247.000,2200007565.583
248.000,2200007436.665
249.000,2200007294.256
250.000,2200007167.896
251.000,2200007022.559
252.000,2200006895.434
253.000,2200006759.610
254.000,2200006618.169
255.000,2200006481.790
256.000,2200006347.765
257.000,2200006208.122
258.000,2200006071.324
259.000,2200005923.932
260.000,2200005799.543
261.000,2200005666.850
262.000,2200005517.060
263.000,2200005389.178
264.000,2200005251.384
265.000,2200005103.621
266.000,2200004970.626
267.000,2200004835.580
268.000,2200004696.832
269.000,2200004556.079
270.000,2200004425.541
271.000,2200004284.379
272.000,2200004145.706
273.000,2200004006.705
274.000,2200003868.306
275.000,2200003726.343
276.000,2200003595.713
277.000,2200003441.040
278.000,2200003311.920
279.000,2200003165.235
280.000,2200003036.244
281.000,2200002886.884
282.000,2200002752.128
283.000,2200002620.727
284.000,2200002478.428
285.000,2200002338.742
286.000,2200002191.506
287.000,2200002064.720
288.000,2200001914.794
289.000,2200001772.041
290.000,2200001637.665
291.000,2200001505.176
292.000,2200001355.435
293.000,2200001218.145
294.000,2200001075.688
295.000,2200000940.873
296.000,2200000797.947
297.000,2200000658.149
298.000,2200000518.023
299.000,2200000378.531
300.000,2200000238.261
301.000,2200000100.815
302.000,2199999960.507
303.000,2199999820.609
304.000,2199999683.557
305.000,2199999527.852
306.000,2199999403.367
307.000,2199999260.862
308.000,2199999118.375
309.000,2199998980.958
310.000,2199998838.315
311.000,2199998688.539
312.000,2199998563.572
313.000,2199998410.915
314.000,2199998281.988
315.000,2199998128.997
316.000,2199998002.470
317.000,2199997863.201
318.000,2199997721.240
319.000,2199997572.979
320.000,2199997434.239
321.000,2199997294.061
322.000,2199997165.869
323.000,2199997026.955
324.000,2199996885.149
325.000,2199996737.683
326.000,2199996600.564
327.000,2199996457.359
328.000,2199996329.330
329.000,2199996180.162
330.000,2199996043.701
331.000,2199995913.330
332.000,2199995764.381
333.000,2199995627.805
334.000,2199995490.144
335.000,2199995359.833
336.000,2199995211.229
337.000,2199995072.326
338.000,2199994934.723
339.000,2199994806.442
340.000,2199994667.665
341.000,2199994522.767
342.000,2199994382.249
343.000,2199994245.566
344.000,2199994108.510
345.000,2199993973.481
346.000,2199993844.854
347.000,2199993708.190
348.000,2199993559.351
349.000,2199993424.490
350.000,2199993295.076
351.000,2199993152.601
352.000,2199993023.193
353.000,2199992889.186
354.000,2199992737.799
355.000,2199992602.599
356.000,2199992470.216
357.000,2199992332.366
358.000,2199992202.031
359.000,2199992073.821
360.000,2199991939.278
361.000,2199991804.902
362.000,2199991656.471
363.000,2199991531.853
364.000,2199991399.785
365.000,2199991265.805
366.000,2199991134.111
367.000,2199990997.632
368.000,2199990864.490
369.000,2199990730.813
370.000,2199990597.906
371.000,2199990461.716
372.000,2199990332.240
373.000,2199990199.486
374.000,2199990078.802
375.000,2199989935.700
376.000,2199989800.229
377.000,2199989668.030
378.000,2199989536.437
379.000,2199989419.748
380.000,2199989274.035
381.000,2199989142.699
382.000,2199989012.355
383.000,2199988881.589
384.000,2199988762.910
385.000,2199988620.851
386.000,2199988491.138
387.000,2199988364.755
388.000,2199988246.385
389.000,2199988113.750
390.000,2199987984.594
391.000,2199987859.511
392.000,2199987727.103
393.000,2199987601.692
394.000,2199987474.289
395.000,2199987346.213
396.000,2199987215.229
397.000,2199987091.030
398.000,2199986963.266
399.000,2199986848.360
400.000,2199986709.476
401.000,2199986594.648
402.000,2199986456.286
403.000,2199986330.953
404.000,2199986216.177
405.000,2199986082.613
406.000,2199985957.441
407.000,2199985840.067
408.000,2199985718.929
409.000,2199985594.352
410.000,2199985469.860
411.000,2199985337.892
412.000,2199985222.436
413.000,2199985102.450
414.000,2199984978.868
415.000,2199984855.846
416.000,2199984733.176
417.000,2199984622.590
418.000,2199984492.024
419.000,2199984369.947
420.000,2199984260.017
421.000,2199984126.972
422.000,2199984020.723
423.000,2199983888.573
424.000,2199983779.934
425.000,2199983662.852
426.000,2199983542.790
427.000,2199983423.392
428.000,2199983303.912
429.000,2199983199.618
430.000,2199983069.130
431.000,2199982962.483
432.000,2199982832.247
433.000,2199982729.146
434.000,2199982596.955
435.000,2199982494.376
436.000,2199982377.342
437.000,2199982263.788
438.000,2199982147.121
439.000,2199982031.093
440.000,2199981918.660
441.000,2199981802.780
442.000,2199981687.499
443.000,2199981587.349
444.000,2199981461.188
445.000,2199981347.214
446.000,2199981232.762
447.000,2199981133.893
448.000,2199981009.032
449.000,2199980907.176
450.000,2199980797.644
451.000,2199980688.369
452.000,2199980576.271
453.000,2199980467.576
454.000,2199980356.093
455.000,2199980244.651
456.000,2199980144.962
457.000,2199980026.256
458.000,2199979915.911
459.000,2199979820.640
460.000,2199979710.726
461.000,2199979604.764
462.000,2199979495.529
463.000,2199979390.026
464.000,2199979281.475
465.000,2199979173.241
466.000,2199979068.817
467.000,2199978964.516
468.000,2199978857.316
469.000,2199978764.991
470.000,2199978647.055
471.000,2199978544.188
472.000,2199978452.894
473.000,2199978335.923
474.000,2199978241.773
475.000,2199978140.146
476.000,2199978035.332
477.000,2199977945.645
478.000,2199977841.485
479.000,2199977729.890
480.000,2199977641.120
481.000,2199977526.629
482.000,2199977435.033
483.000,2199977335.933
484.000,2199977237.202
485.000,2199977138.745
486.000,2199977037.166
487.000,2199976939.356
488.000,2199976841.861
489.000,2199976752.465
490.000,2199976655.582
491.000,2199976559.103
492.000,2199976459.386
493.000,2199976348.830
494.000,2199976264.452
495.000,2199976169.216
496.000,2199976070.807
497.000,2199975976.185
498.000,2199975893.078
499.000,2199975795.587
500.000,2199975701.945
501.000,2199975608.623
502.000,2199975515.610
503.000,2199975419.419
504.000,2199975327.047
505.000,2199975231.484
506.000,2199975139.754
507.000,2199975048.343
508.000,2199974968.318
509.000,2199974877.537
510.000,2199974787.072
511.000,2199974693.406
512.000,2199974603.574
513.000,2199974514.051
514.000,2199974421.315
515.000,2199974332.447
516.000,2199974243.879
517.000,2199974166.619
518.000,2199974078.675
519.000,2199973980.074
520.000,2199973892.771
521.000,2199973816.724
522.000,2199973715.563
523.000,2199973640.132
524.000,2199973554.066
525.000,2199973475.706
526.000,2199973379.331
527.000,2199973294.230
528.000,2199973220.278
529.000,2199973124.894
530.000,2199973051.566
531.000,2199972953.272
532.000,2199972880.539
533.000,2199972800.791
534.000,2199972717.853
535.000,2199972642.410
536.000,2199972549.254
537.000,2199972478.027
538.000,2199972385.452
539.000,2199972314.806
540.000,2199972233.619
541.000,2199972152.857
542.000,2199972072.245
543.000,2199971992.083
544.000,2199971912.114
545.000,2199971832.499
546.000,2199971763.849
547.000,2199971684.813
548.000,2199971595.413
549.000,2199971527.589
550.000,2199971445.929
551.000,2199971368.100
552.000,2199971294.082
553.000,2199971227.420
554.000,2199971150.482
555.000,2199971070.304
556.000,2199970993.877
557.000,2199970921.431
558.000,2199970842.013
559.000,2199970780.586
560.000,2199970694.807
561.000,2199970619.952
562.000,2199970555.943
563.000,2199970481.485
564.000,2199970407.460
565.000,2199970333.729
566.000,2199970260.137
567.000,2199970197.425
568.000,2199970117.622
569.000,2199970055.442
570.000,2199969969.038
571.000,2199969900.620
572.000,2199969839.139
573.000,2199969771.261
574.000,2199969696.377
575.000,2199969629.144
576.000,2199969568.779
577.000,2199969487.913
578.000,2199969428.358
579.000,2199969358.528
580.000,2199969292.536
581.000,2199969223.084
582.000,2199969153.946
583.000,2199969085.492
584.000,2199969018.880
585.000,2199968950.583
586.000,2199968882.386
587.000,2199968825.109
588.000,2199968749.481
589.000,2199968682.168
590.000,2199968627.308
591.000,2199968560.720
592.000,2199968496.460
593.000,2199968440.183
594.000,2199968378.275
595.000,2199968310.550
596.000,2199968247.303
597.000,2199968184.012
598.000,2199968119.424
599.000,2199968056.454
600.000,2199968004.085
601.000,2199967931.860
602.000,2199967868.140
603.000,2199967816.419
604.000,2199967755.350
605.000,2199967691.980
