Time(s),Frequency(Hz)
0.000,2200045107.890
1.000,2200045088.778
2.000,2200045052.766
3.000,2200045049.923
4.000,2200045019.049
5.000,2200045011.010
6.000,2200044996.704
7.000,2200044976.974
8.000,2200044957.144
9.000,2200044954.384
10.000,2200044916.826
11.000,2200044902.384
12.000,2200044876.422
13.000,2200044856.390
14.000,2200044835.915
15.000,2200044820.277
16.000,2200044816.780
17.000,2200044795.473
18.000,2200044757.965
19.000,2200044753.614
20.000,2200044715.857
21.000,2200044711.351
22.000,2200044690.067
23.000,2200044668.412
24.000,2200044646.876
25.000,2200044630.145
26.000,2200044602.747
27.000,2200044581.397
28.000,2200044563.444
29.000,2200044536.525
30.000,2200044518.808
31.000,2200044496.244
32.000,2200044473.798
33.000,2200044445.772
34.000,2200044428.008
35.000,2200044399.762
36.000,2200044381.335
37.000,2200044357.960
38.000,2200044351.814
39.000,2200044328.505
40.000,2200044286.648
41.000,2200044263.385
42.000,2200044238.614
43.000,2200044214.715
44.000,2200044190.331
45.000,2200044183.167
46.000,2200044141.070
47.000,2200044115.890
48.000,2200044109.006
49.000,2200044065.745
50.000,2200044041.103
51.000,2200044015.298
52.000,2200043989.672
53.000,2200043963.889
54.000,2200043937.593
55.000,2200043912.160
56.000,2200043881.243
57.000,2200043859.421
58.000,2200043832.470
59.000,2200043805.678
60.000,2200043778.711
61.000,2200043751.602
62.000,2200043707.081
63.000,2200043692.642
64.000,2200043669.412
65.000,2200043637.547
66.000,2200043591.997
67.000,2200043581.327
68.000,2200043556.567
69.000,2200043524.773
70.000,2200043481.259
71.000,2200043449.405
72.000,2200043419.631
73.000,2200043390.622
74.000,2200043361.065
75.000,2200043331.304
76.000,2200043301.453
77.000,2200043270.836
78.000,2200043241.271
79.000,2200043210.004
80.000,2200043158.654
81.000,2200043148.565
82.000,2200043099.734
83.000,2200043086.063
84.000,2200043033.255
85.000,2200043005.273
86.000,2200042969.353
87.000,2200042937.763
88.000,2200042904.898
89.000,2200042872.155
90.000,2200042821.526
91.000,2200042788.149
92.000,2200042773.069
93.000,2200042735.768
94.000,2200042688.005
95.000,2200042653.294
96.000,2200042616.255
97.000,2200042581.642
98.000,2200042543.989
99.000,2200042494.538
100.000,2200042458.232
101.000,2200042441.251
102.000,2200042387.307
103.000,2200042351.417
104.000,2200042312.153
105.000,2200042275.777
106.000,2200042221.500
107.000,2200042201.345
108.000,2200042146.871
109.000,2200042108.439
110.000,2200042071.084
111.000,2200042030.115
112.000,2200041991.890
113.000,2200041953.074
114.000,2200041911.318
115.000,2200041854.905
116.000,2200041817.106
117.000,2200041775.278
118.000,2200041735.031
119.000,2200041694.836
120.000,2200041653.992
121.000,2200041612.488
122.000,2200041551.907
123.000,2200041511.845
124.000,2200041468.490
125.000,2200041425.765
126.000,2200041381.161
127.000,2200041322.671
128.000,2200041277.124
129.000,2200041236.026
130.000,2200041189.534
131.000,2200041145.947
132.000,2200041099.229
133.000,2200041054.731
134.000,2200040991.631
135.000,2200040944.841
136.000,2200040890.345
137.000,2200040843.335
138.000,2200040790.004
139.000,2200040740.758
140.000,2200040694.235
141.000,2200040636.169
142.000,2200040588.101
143.000,2200040531.093
144.000,2200040482.086
145.000,2200040433.612
146.000,2200040373.702
147.000,2200040324.141
148.000,2200040264.920
149.000,2200040205.294
150.000,2200040154.200
151.000,2200040102.925
152.000,2200040041.800
153.000,2200039987.823
154.000,2200039936.509
155.000,2200039875.113
156.000,2200039811.808
157.000,2200039757.075
158.000,2200039694.976
159.000,2200039640.198
160.000,2200039584.359
161.000,2200039520.606
162.000,2200039464.924
163.000,2200039398.940
164.000,2200039342.111
165.000,2200039275.901
166.000,2200039218.706
167.000,2200039141.983
168.000,2200039084.818
169.000,2200039016.467
170.000,2200038956.932
171.000,2200038897.337
172.000,2200038827.975
173.000,2200038758.233
174.000,2200038687.220
175.000,2200038626.694
176.000,2200038555.540
177.000,2200038492.313
178.000,2200038420.908
179.000,2200038357.088
180.000,2200038284.272
181.000,2200038219.603
182.000,2200038146.222
183.000,2200038071.540
184.000,2200037996.837
185.000,2200037930.229
186.000,2200037854.009
187.000,2200037787.060
188.000,2200037709.410
189.000,2200037642.126
190.000,2200037563.425
191.000,2200037485.271
192.000,2200037414.360
193.000,2200037335.827
194.000,2200037255.305
195.000,2200037182.737
196.000,2200037103.422
197.000,2200037030.377
198.000,2200036949.062
199.000,2200036865.364
200.000,2200036791.355
201.000,2200036698.812
202.000,2200036622.621
203.000,2200036538.252
204.000,2200036452.332
205.000,2200036377.190
206.000,2200036288.322
207.000,2200036210.214
208.000,2200036121.524
209.000,2200036033.321
210.000,2200035944.976
211.000,2200035862.552
212.000,2200035774.562
213.000,2200035682.027
214.000,2200035591.102
215.000,2200035508.298
216.000,2200035415.751
217.000,2200035323.263
218.000,2200035227.488
219.000,2200035142.568
220.000,2200035036.600
221.000,2200034941.599
222.000,2200034855.723
223.000,2200034757.331
224.000,2200034670.196
225.000,2200034570.067
226.000,2200034470.328
227.000,2200034369.718
228.000,2200034271.930
229.000,2200034179.855
230.000,2200034067.781
231.000,2200033972.546
232.000,2200033871.024
233.000,2200033766.296
234.000,2200033660.752
235.000,2200033556.892
236.000,2200033452.683
237.000,2200033353.040
238.000,2200033243.858
239.000,2200033137.930
240.000,2200033029.092
241.000,2200032919.541
242.000,2200032809.576
243.000,2200032707.669
244.000,2200032586.724
245.000,2200032479.321
246.000,2200032361.242
247.000,2200032254.176
248.000,2200032136.472
249.000,2200032022.455
250.000,2200031904.744
251.000,2200031790.466
252.000,2200031673.466
253.000,2200031554.121
254.000,2200031432.292
255.000,2200031314.239
256.000,2200031191.490
257.000,2200031069.820
258.000,2200030946.725
259.000,2200030820.669
260.000,2200030699.067
261.000,2200030574.946
262.000,2200030454.557
263.000,2200030327.581
264.000,2200030191.670
265.000,2200030066.823
266.000,2200029944.752
267.000,2200029807.156
268.000,2200029675.163
269.000,2200029552.594
270.000,2200029417.682
271.000,2200029273.763
272.000,2200029143.116
273.000,2200029008.627
274.000,2200028869.366
275.000,2200028735.474
276.000,2200028596.354
277.000,2200028456.670
278.000,2200028317.454
279.000,2200028174.293
280.000,2200028033.297
281.000,2200027889.934
282.000,2200027749.978
283.000,2200027598.706
284.000,2200027460.952
285.000,2200027302.298
286.000,2200027159.552
287.000,2200027020.670
288.000,2200026862.453
289.000,2200026716.328
290.000,2200026561.993
291.000,2200026411.852
292.000,2200026264.898
293.000,2200026108.403
294.000,2200025949.437
295.000,2200025798.235
296.000,2200025635.290
297.000,2200025476.432
298.000,2200025322.162
299.000,2200025164.305
300.000,2200024992.765
301.000,2200024829.288
302.000,2200024666.263
303.000,2200024504.594
304.000,2200024336.684
305.000,2200024167.589
306.000,2200024013.633
307.000,2200023837.647
308.000,2200023670.927
309.000,2200023507.215
310.000,2200023327.259
311.000,2200023149.621
312.000,2200022988.706
313.000,2200022814.183
314.000,2200022642.877
315.000,2200022460.307
316.000,2200022287.484
317.000,2200022108.301
318.000,2200021933.194
319.000,2200021748.949
320.000,2200021567.522
321.000,2200021392.296
322.000,2200021208.186
323.000,2200021020.929
324.000,2200020841.884
325.000,2200020645.403
326.000,2200020465.209
327.000,2200020276.937
328.000,2200020087.657
329.000,2200019905.946
330.000,2200019707.792
331.000,2200019522.310
332.000,2200019321.914
333.000,2200019124.842
334.000,2200018929.807
335.000,2200018748.974
336.000,2200018548.842
337.000,2200018344.141
338.000,2200018149.399
339.000,2200017958.166
340.000,2200017761.989
341.000,2200017552.930
342.000,2200017358.374
343.000,2200017144.432
344.000,2200016948.485
345.000,2200016750.661
346.000,2200016545.129
347.000,2200016327.189
348.000,2200016128.564
349.000,2200015916.496
350.000,2200015707.935
351.000,2200015497.608
352.000,2200015290.694
353.000,2200015080.439
354.000,2200014866.497
355.000,2200014658.141
356.000,2200014444.875
357.000,2200014229.081
358.000,2200014005.732
359.000,2200013786.167
360.000,2200013577.562
361.000,2200013366.877
362.000,2200013137.007
363.000,2200012918.600
364.000,2200012702.954
365.000,2200012473.900
366.000,2200012259.911
367.000,2200012036.835
368.000,2200011810.829
369.000,2200011589.031
370.000,2200011362.770
371.000,2200011139.029
372.000,2200010921.335
373.000,2200010692.470
374.000,2200010474.183
375.000,2200010237.618
376.000,2200010014.436
377.000,2200009776.913
378.000,2200009555.525
379.000,2200009323.424
380.000,2200009094.525
381.000,2200008861.688
382.000,2200008631.099
383.000,2200008403.850
384.000,2200008162.337
385.000,2200007930.934
386.000,2200007701.491
387.000,2200007475.380
388.000,2200007236.349
389.000,2200006998.687
390.000,2200006765.770
391.000,2200006527.320
392.000,2200006292.632
393.000,2200006049.277
394.000,2200005814.181
395.000,2200005579.068
396.000,2200005333.781
397.000,2200005103.355
398.000,2200004867.166
399.000,2200004620.977
400.000,2200004389.862
401.000,2200004156.809
402.000,2200003915.388
403.000,2200003667.893
404.000,2200003423.555
405.000,2200003180.787
406.000,2200002943.184
407.000,2200002710.062
408.000,2200002460.149
409.000,2200002228.736
410.000,2200001983.620
411.000,2200001749.562
412.000,2200001494.190
413.000,2200001251.441
414.000,2200001021.601
415.000,2200000778.150
416.000,2200000538.966
417.000,2200000293.167
418.000,2200000049.084
419.000,2199999814.456
420.000,2199999563.960
421.000,2199999324.551
422.000,2199999081.106
423.000,2199998847.094
424.000,2199998608.205
425.000,2199998357.608
426.000,2199998123.224
427.000,2199997875.957
428.000,2199997637.058
429.000,2199997386.894
430.000,2199997165.873
431.000,2199996915.742
432.000,2199996673.582
433.000,2199996440.501
434.000,2199996199.344
435.000,2199995949.477
436.000,2199995717.592
437.000,2199995468.700
438.000,2199995245.224
439.000,2199994996.897
440.000,2199994756.580
441.000,2199994509.356
442.000,2199994286.841
443.000,2199994053.042
444.000,2199993810.232
445.000,2199993572.548
446.000,2199993325.926
447.000,2199993097.656
448.000,2199992865.850
449.000,2199992633.507
450.000,2199992402.632
451.000,2199992153.699
452.000,2199991923.275
453.000,2199991698.178
454.000,2199991472.543
455.000,2199991235.325
456.000,2199991010.202
457.000,2199990779.239
458.000,2199990555.167
459.000,2199990315.538
460.000,2199990085.930
461.000,2199989860.478
462.000,2199989617.656
463.000,2199989406.265
464.000,2199989173.161
465.000,2199988946.375
466.000,2199988732.534
467.000,2199988505.877
468.000,2199988268.236
469.000,2199988047.918
470.000,2199987828.069
471.000,2199987609.590
472.000,2199987390.954
473.000,2199987160.146
474.000,2199986943.370
475.000,2199986727.327
476.000,2199986512.033
477.000,2199986294.424
478.000,2199986081.112
479.000,2199985867.722
480.000,2199985642.281
481.000,2199985433.331
482.000,2199985214.878
483.000,2199985010.170
484.000,2199984800.928
485.000,2199984593.113
486.000,2199984363.889
487.000,2199984171.505
488.000,2199983954.208
489.000,2199983746.892
490.000,2199983545.693
491.000,2199983344.839
492.000,2199983140.416
493.000,2199982938.584
494.000,2199982724.499
495.000,2199982519.150
496.000,2199982323.598
497.000,2199982126.685
498.000,2199981928.584
499.000,2199981733.575
500.000,2199981536.916
501.000,2199981328.915
502.000,2199981134.097
503.000,2199980955.646
504.000,2199980749.062
505.000,2199980557.400
506.000,2199980368.412
507.000,2199980163.566
508.000,2199979989.910
509.000,2199979788.439
510.000,2199979601.620
511.000,2199979416.364
512.000,2199979236.625
513.000,2199979047.147
514.000,2199978864.524
515.000,2199978682.621
516.000,2199978487.634
517.000,2199978313.004
518.000,2199978134.122
519.000,2199977955.708
520.000,2199977792.354
521.000,2199977602.360
522.000,2199977426.970
523.000,2199977252.091
524.000,2199977078.785
525.000,2199976905.985
526.000,2199976740.223
527.000,2199976555.852
528.000,2199976400.184
529.000,2199976211.490
530.000,2199976049.218
531.000,2199975882.593
532.000,2199975716.755
533.000,2199975551.880
534.000,2199975387.825
535.000,2199975224.388
536.000,2199975048.582
537.000,2199974892.589
538.000,2199974746.741
539.000,2199974587.448
540.000,2199974414.827
541.000,2199974271.779
542.000,2199974101.167
543.000,2199973945.419
544.000,2199973796.382
545.000,2199973642.954
546.000,2199973490.114
547.000,2199973338.526
548.000,2199973187.494
549.000,2199973023.297
550.000,2199972893.961
551.000,2199972726.000
552.000,2199972584.595
553.000,2199972438.008
554.000,2199972292.858
555.000,2199972148.227
556.000,2199972004.633
557.000,2199971867.476
558.000,2199971725.676
559.000,2199971584.868
560.000,2199971450.176
561.000,2199971297.190
562.000,2199971172.874
563.000,2199971035.484
564.000,2199970899.106
565.000,2199970763.315
566.000,2199970614.598
567.000,2199970497.463
568.000,2199970364.601
569.000,2199970232.201
570.000,2199970089.952
571.000,2199969962.244
572.000,2199969832.589
573.000,2199969704.043
574.000,2199969578.761
575.000,2199969451.792
576.000,2199969328.397
577.000,2199969205.777
578.000,2199969081.094
579.000,2199968957.216
580.000,2199968837.318
581.000,2199968714.974
582.000,2199968596.471
583.000,2199968475.635
584.000,2199968355.908
585.000,2199968226.096
586.000,2199968124.451
587.000,2199968007.387
588.000,2199967879.501
589.000,2199967764.172
590.000,2199967662.630
591.000,2199967537.826
592.000,2199967426.850
593.000,2199967313.894
594.000,2199967205.058
595.000,2199967096.390
596.000,2199966989.125
597.000,2199966892.740
598.000,2199966770.477
599.000,2199966664.662
600.000,2199966574.004
601.000,2199966453.168
602.000,2199966347.435
603.000,2199966247.399
604.000,2199966142.976
605.000,2199966042.311
606.000,2199965955.029
607.000,2199965839.249
608.000,2199965737.758
609.000,2199965638.996
610.000,2199965541.684
611.000,2199965441.394
612.000,2199965345.538
613.000,2199965246.517
614.000,2199965154.749
615.000,2199965058.831
616.000,2199964965.545
617.000,2199964869.230
618.000,2199964773.494
619.000,2199964685.035
620.000,2199964591.423
621.000,2199964501.435
622.000,2199964409.134
623.000,2199964319.368
624.000,2199964231.161
625.000,2199964143.530
626.000,2199964053.828
627.000,2199963967.387
628.000,2199963880.695
629.000,2199963793.695
630.000,2199963710.909
631.000,2199963625.157
632.000,2199963540.717
633.000,2199963471.220
634.000,2199963375.626
635.000,2199963291.215
636.000,2199963210.057
637.000,2199963129.551
638.000,2199963049.574
639.000,2199962967.348
640.000,2199962900.550
641.000,2199962823.303
642.000,2199962732.400
643.000,2199962655.109
644.000,2199962574.429
645.000,2199962511.353
646.000,2199962426.589
647.000,2199962361.731
648.000,2199962274.008
649.000,2199962199.942
650.000,2199962123.500
651.000,2199962053.229
652.000,2199961980.636
653.000,2199961920.007
654.000,2199961834.127
655.000,2199961775.954
656.000,2199961696.503
657.000,2199961623.527
658.000,2199961553.885
659.000,2199961498.913
660.000,2199961429.503
661.000,2199961346.236
662.000,2199961294.096
663.000,2199961224.636
664.000,2199961160.523
665.000,2199961091.988
666.000,2199961013.894
667.000,2199960961.129
668.000,2199960896.726
669.000,2199960832.767
670.000,2199960768.525
671.000,2199960708.228
672.000,2199960642.042
673.000,2199960596.020
674.000,2199960520.794
675.000,2199960469.253
676.000,2199960398.432
677.000,2199960350.486
678.000,2199960277.727
679.000,2199960227.000
680.000,2199960170.444
681.000,2199960096.136
682.000,2199960040.384
683.000,2199959982.231
684.000,2199959936.966
685.000,2199959879.578
686.000,2199959822.552
687.000,2199959765.935
688.000,2199959709.670
689.000,2199959653.785
690.000,2199959598.274
691.000,2199959543.943
692.000,2199959489.174
693.000,2199959447.084
694.000,2199959395.817
695.000,2199959342.066
696.000,2199959274.450
697.000,2199959224.230
698.000,2199959171.566
699.000,2199959132.350
700.000,2199959068.099
701.000,2199959019.273
702.000,2199958966.007
703.000,2199958930.017
704.000,2199958879.347
705.000,2199958829.002
706.000,2199958779.856
707.000,2199958730.129
708.000,2199958684.455
709.000,2199958636.233
710.000,2199958587.517
711.000,2199958542.722
712.000,2199958494.575
713.000,2199958460.568
714.000,2199958400.980
715.000,2199958368.553
716.000,2199958319.675
717.000,2199958276.757
718.000,2199958218.410
719.000,2199958173.260
720.000,2199958143.080
721.000,2199958098.490
722.000,2199958054.213
723.000,2199958010.132
724.000,2199957969.224
725.000,2199957924.743
726.000,2199957893.380
727.000,2199957854.173
728.000,2199957798.772
729.000,2199957771.909
730.000,2199957728.735
731.000,2199957675.208
732.000,2199957633.538
733.000,2199957607.664
734.000,2199957566.565
735.000,2199957540.136
736.000,2199957486.109
737.000,2199957447.496
738.000,2199957410.735
739.000,2199957371.300
740.000,2199957334.488
741.000,2199957307.167
742.000,2199957268.011
743.000,2199957218.082
744.000,2199957194.146
745.000,2199957144.290
746.000,2199957120.741
747.000,2199957083.858
748.000,2199957048.804
749.000,2199957014.534
750.000,2199956989.125
751.000,2199956952.001
752.000,2199956918.942
753.000,2199956882.683
754.000,2199956847.349
755.000,2199956814.322
756.000,2199956778.795
757.000,2199956746.234
758.000,2199956711.655
759.000,2199956679.557
760.000,2199956644.759
761.000,2199956624.865
762.000,2199956593.205
763.000,2199956547.954
764.000,2199956529.051
765.000,2199956484.177
766.000,2199956454.008
767.000,2199956432.239
768.000,2199956399.192
769.000,2199956369.423
770.000,2199956351.063
771.000,2199956310.706
772.000,2199956289.880
773.000,2199956249.922
774.000,2199956229.370
775.000,2199956200.898
776.000,2199956169.631
777.000,2199956141.736
778.000,2199956113.959
779.000,2199956083.611
780.000,2199956055.615
781.000,2199956025.549
782.000,2199955998.572
783.000,2199955971.528
784.000,2199955942.426
785.000,2199955915.769
786.000,2199955889.334
787.000,2199955871.099
788.000,2199955844.966
789.000,2199955819.342
790.000,2199955793.689
791.000,2199955779.156
792.000,2199955751.118
793.000,2199955715.354
794.000,2199955698.369
795.000,2199955673.587
796.000,2199955646.282
797.000,2199955624.256
798.000,2199955597.458
799.000,2199955583.863
800.000,2199955560.008
801.000,2199955533.642
802.000,2199955499.470
803.000,2199955486.723
804.000,2199955452.726
805.000,2199955427.221
806.000,2199955414.558
807.000,2199955391.973
808.000,2199955369.377
809.000,2199955346.916
810.000,2199955335.064
811.000,2199955302.463
812.000,2199955291.055
813.000,2199955266.372
814.000,2199955244.832
815.000,2199955223.256
816.000,2199955201.903
817.000,2199955180.668
818.000,2199955159.578
819.000,2199955136.122
820.000,2199955125.381
821.000,2199955104.991
822.000,2199955074.134
823.000,2199955051.123
824.000,2199955041.205
825.000,2199955023.778
826.000,2199955003.970
827.000,2199954991.452
828.000,2199954971.930
829.000,2199954942.351
830.000,2199954933.147
831.000,2199954903.739
832.000,2199954894.876
833.000,2199954875.820
834.000,2199954856.953
835.000,2199954838.345
836.000,2199954819.682
837.000,2199954801.360
838.000,2199954783.060
839.000,2199954774.794
