Time(s),Frequency(Hz)
0.000,2200048838.316
1.000,2200048851.258
2.000,2200048845.969
3.000,2200048849.183
4.000,2200048843.803
5.000,2200048841.603
6.000,2200048836.120
7.000,2200048835.772
8.000,2200048822.073
9.000,2200048838.461
10.000,2200048828.042
11.000,2200048832.943
12.000,2200048830.690
13.000,2200048825.122
14.000,2200048816.545
15.000,2200048827.707
16.000,2200048822.338
17.000,2200048816.707
18.000,2200048824.772
19.000,2200048817.642
20.000,2200048808.794
21.000,2200048816.915
22.000,2200048811.131
23.000,2200048822.591
24.000,2200048795.053
25.000,2200048811.181
26.000,2200048815.878
27.000,2200048805.414
28.000,2200048799.761
29.000,2200048810.855
30.000,2200048805.245
31.000,2200048794.579
32.000,2200048788.845
33.000,2200048787.703
34.000,2200048777.144
35.000,2200048784.998
36.000,2200048774.335
37.000,2200048786.982
38.000,2200048776.208
39.000,2200048773.657
40.000,2200048764.289
41.000,2200048753.616
42.000,2200048750.920
43.000,2200048759.782
44.000,2200048749.203
45.000,2200048760.082
46.000,2200048754.060
47.000,2200048739.795
48.000,2200048733.550
49.000,2200048726.114
50.000,2200048730.244
51.000,2200048723.982
52.000,2200048717.451
53.000,2200048720.528
54.000,2200048717.443
55.000,2200048710.969
56.000,2200048701.016
57.000,2200048707.300
58.000,2200048686.902
59.000,2200048694.020
60.000,2200048684.045
61.000,2200048672.723
62.000,2200048669.519
63.000,2200048658.290
64.000,2200048660.967
65.000,2200048658.601
66.000,2200048665.477
67.000,2200048636.820
68.000,2200048647.118
69.000,2200048621.799
70.000,2200048625.157
71.000,2200048617.164
72.000,2200048609.976
73.000,2200048598.317
74.000,2200048605.177
75.000,2200048597.694
76.000,2200048600.146
77.000,2200048578.623
78.000,2200048585.149
79.000,2200048573.314
80.000,2200048561.362
81.000,2200048553.861
82.000,2200048546.001
83.000,2200048552.428
84.000,2200048540.283
85.000,2200048532.398
86.000,2200048516.008
87.000,2200048508.010
88.000,2200048496.409
89.000,2200048505.827
90.000,2200048493.597
91.000,2200048481.096
92.000,2200048486.886
93.000,2200048474.351
94.000,2200048465.904
95.000,2200048453.321
96.000,2200048444.588
97.000,2200048436.067
98.000,2200048437.224
99.000,2200048420.730
100.000,2200048397.692
101.000,2200048398.816
102.000,2200048389.851
103.000,2200048380.236
104.000,2200048367.153
105.000,2200048357.746
106.000,2200048354.932
107.000,2200048335.022
108.000,2200048335.712
109.000,2200048322.134
110.000,2200048304.680
111.000,2200048298.798
112.000,2200048281.107
113.000,2200048271.113
114.000,2200048279.188
115.000,2200048265.138
116.000,2200048232.988
117.000,2200048232.960
118.000,2200048218.803
119.000,2200048204.290
120.000,2200048197.694
121.000,2200048197.337
122.000,2200048168.402
123.000,2200048175.613
124.000,2200048138.830
125.000,2200048131.589
126.000,2200048130.725
127.000,2200048115.735
128.000,2200048100.445
129.000,2200048085.129
130.000,2200048065.860
131.000,2200048054.198
132.000,2200048052.988
133.000,2200048033.268
134.000,2200048003.223
135.000,2200048008.893
136.000,2200047985.891
137.000,2200047987.955
138.000,2200047960.440
139.000,2200047947.954
140.000,2200047927.466
141.000,2200047918.206
142.000,2200047915.701
143.000,2200047887.758
144.000,2200047870.690
145.000,2200047864.743
146.000,2200047843.534
147.000,2200047811.654
148.000,2200047794.259
149.000,2200047783.514
150.000,2200047765.828
151.000,2200047751.797
152.000,2200047748.164
153.000,2200047725.951
154.000,2200047707.518
155.000,2200047689.140
156.000,2200047673.202
157.000,2200047654.496
158.000,2200047632.672
159.000,2200047613.568
160.000,2200047590.265
161.000,2200047577.571
162.000,2200047558.026
163.000,2200047538.133
164.000,2200047526.185
165.000,2200047498.102
166.000,2200047477.896
167.000,2200047450.890
168.000,2200047436.843
169.000,2200047416.112
170.000,2200047409.560
171.000,2200047388.537
172.000,2200047348.416
173.000,2200047326.947
174.000,2200047319.784
175.000,2200047289.665
176.000,2200047275.785
177.000,2200047253.424
178.000,2200047212.305
179.000,2200047189.478
180.000,2200047181.195
181.000,2200047168.430
182.000,2200047124.342
183.000,2200047102.700
184.000,2200047093.434
185.000,2200047048.875
186.000,2200047039.143
187.000,2200047006.193
188.000,2200046977.183
189.000,2200046950.548
190.000,2200046921.136
191.000,2200046916.229
192.000,2200046890.606
193.000,2200046858.764
194.000,2200046813.812
195.000,2200046791.632
196.000,2200046764.968
197.000,2200046748.384
198.000,2200046721.184
199.000,2200046693.769
200.000,2200046651.255
201.000,2200046623.334
202.000,2200046590.575
203.000,2200046562.026
204.000,2200046533.132
205.000,2200046503.941
206.000,2200046474.502
207.000,2200046444.607
208.000,2200046399.927
209.000,2200046384.093
210.000,2200046343.758
211.000,2200046312.736
212.000,2200046262.268
213.000,2200046235.725
214.000,2200046198.498
215.000,2200046185.381
216.000,2200046138.464
217.000,2200046100.408
218.000,2200046062.521
219.000,2200046028.740
220.000,2200045994.591
221.000,2200045949.795
222.000,2200045925.223
223.000,2200045875.124
224.000,2200045834.801
225.000,2200045794.205
226.000,2200045766.989
227.000,2200045735.678
228.000,2200045683.704
229.000,2200045646.095
230.000,2200045607.929
231.000,2200045564.942
232.000,2200045521.498
233.000,2200045467.411
234.000,2200045442.358
235.000,2200045387.100
236.000,2200045346.711
237.000,2200045305.455
238.000,2200045259.266
239.000,2200045217.049
240.000,2200045174.472
241.000,2200045126.704
242.000,2200045068.341
243.000,2200045038.999
244.000,2200044979.526
245.000,2200044929.755
246.000,2200044880.084
247.000,2200044833.925
248.000,2200044787.182
249.000,2200044739.887
250.000,2200044673.569
251.000,2200044620.397
252.000,2200044576.262
253.000,2200044521.874
254.000,2200044471.796
255.000,2200044417.509
256.000,2200044369.640
257.000,2200044312.853
258.000,2200044242.088
259.000,2200044184.128
260.000,2200044130.182
261.000,2200044075.716
262.000,2200044017.304
263.000,2200043946.740
264.000,2200043885.368
265.000,2200043828.143
266.000,2200043765.367
267.000,2200043691.922
268.000,2200043652.226
269.000,2200043587.169
270.000,2200043506.000
271.000,2200043444.469
272.000,2200043362.524
273.000,2200043304.413
274.000,2200043237.911
275.000,2200043170.890
276.000,2200043090.514
277.000,2200043024.250
278.000,2200042957.125
279.000,2200042881.797
280.000,2200042812.952
281.000,2200042738.165
282.000,2200042660.265
283.000,2200042588.678
284.000,2200042509.128
285.000,2200042428.479
286.000,2200042354.196
287.000,2200042257.338
288.000,2200042181.157
289.000,2200042104.065
290.000,2200042013.452
291.000,2200041932.652
292.000,2200041852.490
293.000,2200041766.169
294.000,2200041681.766
295.000,2200041584.527
296.000,2200041491.533
297.000,2200041406.088
298.000,2200041308.420
299.000,2200041219.454
300.000,2200041125.422
301.000,2200041027.059
302.000,2200040929.703
303.000,2200040837.325
304.000,2200040735.513
305.000,2200040635.502
306.000,2200040531.388
307.000,2200040428.845
308.000,2200040330.266
309.000,2200040222.558
310.000,2200040108.899
311.000,2200040006.353
312.000,2200039895.299
313.000,2200039777.141
314.000,2200039670.540
315.000,2200039555.306
316.000,2200039438.504
317.000,2200039322.249
318.000,2200039209.837
319.000,2200039083.481
320.000,2200038968.091
321.000,2200038837.110
322.000,2200038725.820
323.000,2200038593.246
324.000,2200038464.482
325.000,2200038341.683
326.000,2200038203.693
327.000,2200038070.604
328.000,2200037937.572
329.000,2200037800.553
330.000,2200037656.303
331.000,2200037522.835
332.000,2200037381.528
333.000,2200037237.481
334.000,2200037094.231
335.000,2200036945.305
336.000,2200036798.291
337.000,2200036653.877
338.000,2200036494.965
339.000,2200036334.065
340.000,2200036176.761
341.000,2200036026.123
342.000,2200035861.024
343.000,2200035695.904
344.000,2200035532.441
345.000,2200035366.237
346.000,2200035196.636
347.000,2200035027.068
348.000,2200034847.556
349.000,2200034674.979
350.000,2200034504.883
351.000,2200034318.737
352.000,2200034135.999
353.000,2200033954.728
354.000,2200033767.395
355.000,2200033577.704
356.000,2200033386.556
357.000,2200033195.104
358.000,2200032999.107
359.000,2200032802.944
360.000,2200032595.354
361.000,2200032387.794
362.000,2200032181.834
363.000,2200031975.998
364.000,2200031770.682
365.000,2200031554.056
366.000,2200031326.480
367.000,2200031104.761
368.000,2200030892.807
369.000,2200030667.616
370.000,2200030439.641
371.000,2200030209.540
372.000,2200029974.559
373.000,2200029738.281
374.000,2200029503.807
375.000,2200029256.021
376.000,2200029016.066
377.000,2200028774.672
378.000,2200028518.244
379.000,2200028263.900
380.000,2200028001.608
381.000,2200027747.500
382.000,2200027479.229
383.000,2200027213.823
384.000,2200026956.706
385.000,2200026679.674
386.000,2200026405.068
387.000,2200026133.669
388.000,2200025853.179
389.000,2200025575.739
390.000,2200025283.130
391.000,2200024981.474
392.000,2200024700.959
393.000,2200024411.466
394.000,2200024106.521
395.000,2200023804.186
396.000,2200023505.689
397.000,2200023198.299
398.000,2200022873.567
399.000,2200022565.997
400.000,2200022255.325
401.000,2200021933.977
402.000,2200021611.719
403.000,2200021278.528
404.000,2200020947.573
405.000,2200020616.476
406.000,2200020287.877
407.000,2200019947.524
408.000,2200019601.872
409.000,2200019255.957
410.000,2200018915.632
411.000,2200018557.867
412.000,2200018206.587
413.000,2200017842.071
414.000,2200017496.052
415.000,2200017120.707
416.000,2200016769.022
417.000,2200016388.943
418.000,2200016024.968
419.000,2200015649.943
420.000,2200015271.062
421.000,2200014895.221
422.000,2200014511.445
423.000,2200014135.459
424.000,2200013741.448
425.000,2200013350.452
426.000,2200012961.449
427.000,2200012555.359
428.000,2200012171.999
429.000,2200011761.376
430.000,2200011373.337
431.000,2200010969.252
432.000,2200010561.962
433.000,2200010158.023
434.000,2200009746.753
435.000,2200009334.983
436.000,2200008929.585
437.000,2200008508.592
438.000,2200008088.271
439.000,2200007675.494
440.000,2200007259.728
441.000,2200006830.640
442.000,2200006407.658
443.000,2200005987.764
444.000,2200005566.645
445.000,2200005150.328
446.000,2200004711.330
447.000,2200004278.314
448.000,2200003837.573
449.000,2200003417.362
450.000,2200002996.480
451.000,2200002569.479
452.000,2200002126.373
453.000,2200001703.810
454.000,2200001268.216
455.000,2200000826.536
456.000,2200000408.487
457.000,2199999974.692
458.000,2199999543.501
459.000,2199999099.143
460.000,2199998670.827
461.000,2199998248.496
462.000,2199997809.978
463.000,2199997369.202
464.000,2199996947.955
465.000,2199996517.127
466.000,2199996097.381
467.000,2199995658.831
468.000,2199995219.528
469.000,2199994800.084
470.000,2199994380.998
471.000,2199993949.636
472.000,2199993530.876
473.000,2199993116.750
474.000,2199992685.860
475.000,2199992270.003
476.000,2199991842.027
477.000,2199991429.362
478.000,2199991024.560
479.000,2199990618.102
480.000,2199990195.768
481.000,2199989781.059
482.000,2199989382.604
483.000,2199988982.249
484.000,2199988569.075
485.000,2199988176.768
486.000,2199987767.727
487.000,2199987375.510
488.000,2199987006.308
489.000,2199986603.721
490.000,2199986219.317
491.000,2199985826.007
492.000,2199985431.031
493.000,2199985070.147
494.000,2199984680.013
495.000,2199984312.584
496.000,2199983932.444
497.000,2199983566.251
498.000,2199983203.228
499.000,2199982846.751
500.000,2199982469.301
501.000,2199982114.713
502.000,2199981750.921
503.000,2199981386.274
504.000,2199981060.141
505.000,2199980701.323
506.000,2199980361.041
507.000,2199980008.315
508.000,2199979678.509
509.000,2199979347.545
510.000,2199979003.997
511.000,2199978682.474
512.000,2199978362.213
513.000,2199978043.210
514.000,2199977714.838
515.000,2199977402.162
516.000,2199977093.436
517.000,2199976787.862
518.000,2199976468.863
519.000,2199976172.217
520.000,2199975858.157
521.000,2199975565.339
522.000,2199975277.292
523.000,2199974990.382
524.000,2199974690.074
525.000,2199974407.884
526.000,2199974114.014
527.000,2199973858.839
528.000,2199973571.097
529.000,2199973285.964
530.000,2199973018.980
531.000,2199972754.934
532.000,2199972481.884
533.000,2199972242.161
534.000,2199971989.481
535.000,2199971719.768
536.000,2199971472.019
537.000,2199971211.604
538.000,2199970969.760
539.000,2199970730.795
540.000,2199970480.940
541.000,2199970245.226
542.000,2199970031.583
543.000,2199969786.991
544.000,2199969564.738
545.000,2199969323.644
546.000,2199969101.748
547.000,2199968887.309
548.000,2199968653.922
549.000,2199968442.642
550.000,2199968233.266
551.000,2199968027.186
552.000,2199967823.127
553.000,2199967605.315
554.000,2199967406.528
555.000,2199967209.602
556.000,2199966997.334
557.000,2199966807.792
558.000,2199966616.232
559.000,2199966429.400
560.000,2199966228.652
561.000,2199966048.728
562.000,2199965865.904
563.000,2199965691.763
564.000,2199965499.930
565.000,2199965340.585
566.000,2199965155.225
567.000,2199964984.733
568.000,2199964815.115
569.000,2199964639.527
570.000,2199964493.739
571.000,2199964317.002
572.000,2199964142.931
573.000,2199963984.930
574.000,2199963829.239
575.000,2199963678.773
576.000,2199963523.446
577.000,2199963380.391
578.000,2199963233.681
579.000,2199963073.297
580.000,2199962930.321
581.000,2199962787.516
582.000,2199962632.309
583.000,2199962509.586
584.000,2199962357.963
585.000,2199962223.989
586.000,2199962088.394
587.000,2199961962.797
588.000,2199961814.327
589.000,2199961690.996
590.000,2199961561.569
591.000,2199961441.495
592.000,2199961315.023
593.000,2199961179.803
594.000,2199961080.007
595.000,2199960942.613
596.000,2199960810.286
597.000,2199960711.209
598.000,2199960581.980
599.000,2199960469.817
600.000,2199960359.501
601.000,2199960235.319
602.000,2199960126.718
603.000,2199960021.074
604.000,2199959914.889
605.000,2199959811.984
606.000,2199959708.432
607.000,2199959608.183
608.000,2199959511.244
609.000,2199959398.068
610.000,2199959300.181
611.000,2199959203.926
612.000,2199959108.711
613.000,2199959014.650
614.000,2199958921.108
615.000,2199958829.817
616.000,2199958724.055
617.000,2199958649.582
618.000,2199958545.896
619.000,2199958458.496
620.000,2199958376.763
621.000,2199958291.472
622.000,2199958202.396
623.000,2199958108.240
624.000,2199958026.302
625.000,2199957945.167
626.000,2199957853.879
627.000,2199957790.241
628.000,2199957696.709
629.000,2199957618.598
630.000,2199957542.817
631.000,2199957466.398
632.000,2199957392.354
633.000,2199957323.162
634.000,2199957250.116
635.000,2199957177.910
636.000,2199957106.537
637.000,2199957036.122
638.000,2199956953.681
639.000,2199956887.534
640.000,2199956818.953
641.000,2199956737.072
642.000,2199956673.015
643.000,2199956624.500
644.000,2199956544.789
645.000,2199956482.486
646.000,2199956419.364
647.000,2199956356.167
648.000,2199956296.659
649.000,2199956234.975
650.000,2199956176.729
651.000,2199956104.706
652.000,2199956044.950
653.000,2199955986.404
654.000,2199955930.551
655.000,2199955875.762
656.000,2199955821.467
657.000,2199955767.797
658.000,2199955712.091
659.000,2199955659.490
660.000,2199955593.522
661.000,2199955539.349
662.000,2199955500.598
663.000,2199955450.383
664.000,2199955386.526
665.000,2199955334.852
666.000,2199955286.282
667.000,2199955224.538
668.000,2199955191.030
669.000,2199955141.879
670.000,2199955081.257
671.000,2199955035.479
672.000,2199954990.198
673.000,2199954945.417
674.000,2199954901.259
675.000,2199954857.172
676.000,2199954814.107
677.000,2199954768.310
678.000,2199954725.890
679.000,2199954683.924
680.000,2199954642.694
681.000,2199954587.836
682.000,2199954560.863
683.000,2199954521.260
684.000,2199954464.185
685.000,2199954425.323
686.000,2199954386.397
687.000,2199954347.878
688.000,2199954312.744
689.000,2199954271.883
690.000,2199954223.943
691.000,2199954183.863
692.000,2199954164.441
693.000,2199954111.235
694.000,2199954075.868
695.000,2199954054.038
696.000,2199954008.072
697.000,2199953970.685
698.000,2199953950.082
699.000,2199953905.648
700.000,2199953871.793
701.000,2199953838.406
702.000,2199953805.347
703.000,2199953773.036
704.000,2199953743.837
705.000,2199953708.813
706.000,2199953666.551
707.000,2199953635.255
708.000,2199953604.091
709.000,2199953589.848
710.000,2199953546.265
711.000,2199953516.119
712.000,2199953486.190
713.000,2199953469.994
714.000,2199953430.166
715.000,2199953397.997
716.000,2199953372.455
717.000,2199953346.836
718.000,2199953332.111
719.000,2199953290.955
720.000,2199953263.365
721.000,2199953235.494
722.000,2199953211.683
723.000,2199953197.616
724.000,2199953158.086
725.000,2199953134.899
726.000,2199953108.367
727.000,2199953085.518
728.000,2199953062.791
729.000,2199953037.201
730.000,2199953015.205
731.000,2199952987.273
732.000,2199952965.294
733.000,2199952943.837
734.000,2199952919.456
735.000,2199952898.304
736.000,2199952874.331
737.000,2199952850.624
738.000,2199952830.358
739.000,2199952810.304
740.000,2199952774.017
741.000,2199952766.851
742.000,2199952744.001
743.000,2199952724.989
744.000,2199952705.781
745.000,2199952683.259
746.000,2199952660.907
747.000,2199952632.955
748.000,2199952611.605
749.000,2199952605.228
750.000,2199952584.848
751.000,2199952556.924
752.000,2199952548.212
753.000,2199952518.273
754.000,2199952510.245
755.000,2199952480.801
756.000,2199952475.440
757.000,2199952443.293
758.000,2199952438.200
759.000,2199952422.365
760.000,2199952393.116
761.000,2199952386.028
762.000,2199952357.673
763.000,2199952356.558
764.000,2199952325.571
765.000,2199952321.942
766.000,2199952290.555
767.000,2199952287.415
768.000,2199952263.250
769.000,2199952259.755
770.000,2199952229.302
771.000,2199952214.751
772.000,2199952211.936
773.000,2199952197.628
774.000,2199952182.450
775.000,2199952152.834
776.000,2199952138.659
777.000,2199952124.481
778.000,2199952126.057
779.000,2199952111.978
780.000,2199952086.553
781.000,2199952080.867
782.000,2199952070.654
783.000,2199952057.272
784.000,2199952032.115
785.000,2199952030.305
786.000,2199952016.996
787.000,2199952008.252
788.000,2199951991.189
789.000,2199951970.065
790.000,2199951969.216
791.000,2199951952.679
792.000,2199951940.342
793.000,2199951927.732
794.000,2199951919.027
795.000,2199951906.608
796.000,2199951894.650
797.000,2199951884.324
798.000,2199951874.087
799.000,2199951862.274
800.000,2199951852.095
801.000,2199951852.286
802.000,2199951840.468
803.000,2199951819.217
804.000,2199951820.307
805.000,2199951799.863
806.000,2199951787.897
807.000,2199951778.295
808.000,2199951778.924
809.000,2199951758.633
810.000,2199951749.630
811.000,2199951749.319
812.000,2199951738.516
813.000,2199951731.154
814.000,2199951722.943
815.000,2199951711.709
816.000,2199951703.398
817.000,2199951694.877
818.000,2199951685.283
819.000,2199951676.653
820.000,2199951668.864
821.000,2199951671.607
822.000,2199951650.342
823.000,2199951654.638
824.000,2199951644.843
825.000,2199951626.852
826.000,2199951617.070
827.000,2199951611.438
828.000,2199951603.358
829.000,2199951595.454
830.000,2199951598.343
831.000,2199951590.650
832.000,2199951584.247
833.000,2199951574.827
834.000,2199951568.768
835.000,2199951561.044
836.000,2199951553.371
837.000,2199951547.345
838.000,2199951540.846
839.000,2199951544.028
840.000,2199951527.561
841.000,2199951520.006
842.000,2199951514.344
843.000,2199951507.850
844.000,2199951502.160
845.000,2199951495.140
846.000,2199951487.690
847.000,2199951483.344
848.000,2199951488.631
849.000,2199951472.472
850.000,2199951474.454
851.000,2199951469.158
852.000,2199951466.630
853.000,2199951458.565
854.000,2199951452.760
855.000,2199951449.239
856.000,2199951453.065
857.000,2199951448.868
858.000,2199951433.175
859.000,2199951426.542
860.000,2199951422.239
861.000,2199951428.134
862.000,2199951421.232
863.000,2199951406.802
864.000,2199951414.262
865.000,2199951409.438
866.000,2199951404.641
867.000,2199951400.674
868.000,2199951397.090
869.000,2199951399.941
870.000,2199951398.040
871.000,2199951382.930
872.000,2199951379.231
873.000,2199951374.629
874.000,2199951380.327
875.000,2199951375.987
876.000,2199951362.671
877.000,2199951359.277
878.000,2199951365.953
879.000,2199951363.311
880.000,2199951357.904
881.000,2199951355.194
882.000,2199951351.895
883.000,2199951358.486
884.000,2199951355.212
885.000,2199951352.579
886.000,2199951349.116
887.000,2199951345.673
888.000,2199951332.152
889.000,2199951330.736
890.000,2199951336.304
891.000,2199951334.135
892.000,2199951331.645
893.000,2199951329.288
894.000,2199951336.941
895.000,2199951323.545
896.000,2199951330.415
897.000,2199951318.736
898.000,2199951315.796
899.000,2199951323.220
900.000,2199951321.075
901.000,2199951319.726
902.000,2199951317.390
903.000,2199951314.169
904.000,2199951312.751
905.000,2199951320.593
906.000,2199951319.075
907.000,2199951307.116
908.000,2199951305.742
909.000,2199951313.464
910.000,2199951312.221
911.000,2199951309.850
912.000,2199951309.751
913.000,2199951307.286
914.000,2199951305.405
915.000,2199951303.966
916.000,2199951302.781
917.000,2199951311.351
918.000,2199951309.466
