Time(s),Frequency(Hz)
0.000,2200038551.835
1.000,2200038523.286
2.000,2200038482.969
3.000,2200038446.180
4.000,2200038406.790
5.000,2200038376.543
6.000,2200038347.342
7.000,2200038298.122
8.000,2200038259.977
9.000,2200038222.644
10.000,2200038184.388
11.000,2200038158.988
12.000,2200038120.610
13.000,2200038069.695
14.000,2200038027.671
15.000,2200037996.542
16.000,2200037964.941
17.000,2200037918.413
18.000,2200037875.184
19.000,2200037840.019
20.000,2200037800.175
21.000,2200037760.390
22.000,2200037715.941
23.000,2200037676.029
24.000,2200037631.215
25.000,2200037590.664
26.000,2200037554.162
27.000,2200037512.958
28.000,2200037471.804
29.000,2200037426.049
30.000,2200037389.261
31.000,2200037346.734
32.000,2200037304.766
33.000,2200037266.844
34.000,2200037213.475
35.000,2200037169.711
36.000,2200037130.912
37.000,2200037076.484
38.000,2200037040.643
39.000,2200036997.214
40.000,2200036957.820
41.000,2200036898.475
42.000,2200036865.861
43.000,2200036821.034
44.000,2200036773.312
45.000,2200036727.781
46.000,2200036672.383
47.000,2200036626.654
48.000,2200036592.752
49.000,2200036543.435
50.000,2200036497.293
51.000,2200036440.505
52.000,2200036397.872
53.000,2200036347.038
54.000,2200036296.338
55.000,2200036260.864
56.000,2200036202.650
57.000,2200036151.544
58.000,2200036100.484
59.000,2200036048.395
60.000,2200036003.687
61.000,2200035958.877
62.000,2200035913.350
63.000,2200035853.089
64.000,2200035801.642
65.000,2200035733.812
66.000,2200035694.134
67.000,2200035648.657
68.000,2200035586.951
69.000,2200035540.735
70.000,2200035485.351
71.000,2200035438.373
72.000,2200035376.188
73.000,2200035320.956
74.000,2200035273.896
75.000,2200035216.450
76.000,2200035162.718
77.000,2200035106.470
78.000,2200035050.249
79.000,2200034999.813
80.000,2200034942.768
81.000,2200034893.788
82.000,2200034835.933
83.000,2200034778.940
84.000,2200034713.398
85.000,2200034661.201
86.000,2200034602.622
87.000,2200034530.748
88.000,2200034479.513
89.000,2200034425.538
90.000,2200034366.627
91.000,2200034306.591
92.000,2200034246.557
93.000,2200034191.523
94.000,2200034125.656
95.000,2200034064.627
96.000,2200034003.329
97.000,2200033949.688
98.000,2200033885.162
99.000,2200033823.373
100.000,2200033756.095
101.000,2200033698.340
102.000,2200033635.674
103.000,2200033571.839
104.000,2200033508.869
105.000,2200033437.346
106.000,2200033372.779
107.000,2200033308.313
108.000,2200033244.312
109.000,2200033179.260
110.000,2200033112.779
111.000,2200033052.825
112.000,2200032981.069
113.000,2200032915.332
114.000,2200032848.398
115.000,2200032773.566
116.000,2200032704.397
117.000,2200032643.353
118.000,2200032571.033
119.000,2200032507.103
120.000,2200032439.087
121.000,2200032369.845
122.000,2200032300.572
123.000,2200032226.163
124.000,2200032156.254
125.000,2200032091.056
126.000,2200032015.121
127.000,2200031941.513
128.000,2200031869.911
129.000,2200031793.641
130.000,2200031726.273
131.000,2200031653.941
132.000,2200031573.538
133.000,2200031499.885
134.000,2200031427.102
135.000,2200031352.740
136.000,2200031274.526
137.000,2200031200.092
138.000,2200031123.203
139.000,2200031054.467
140.000,2200030959.829
141.000,2200030888.837
142.000,2200030807.725
143.000,2200030731.431
144.000,2200030660.779
145.000,2200030583.412
146.000,2200030505.675
147.000,2200030427.243
148.000,2200030334.992
149.000,2200030255.507
150.000,2200030176.899
151.000,2200030096.959
152.000,2200030016.955
153.000,2200029928.370
154.000,2200029841.171
155.000,2200029766.719
156.000,2200029676.296
157.000,2200029594.961
158.000,2200029508.562
159.000,2200029423.542
160.000,2200029342.702
161.000,2200029259.175
162.000,2200029173.245
163.000,2200029084.713
164.000,2200028992.360
165.000,2200028906.582
166.000,2200028821.365
167.000,2200028735.417
168.000,2200028640.741
169.000,2200028559.250
170.000,2200028466.439
171.000,2200028384.522
172.000,2200028287.537
173.000,2200028199.441
174.000,2200028105.000
175.000,2200028007.397
176.000,2200027917.721
177.000,2200027827.293
178.000,2200027725.982
179.000,2200027637.330
180.000,2200027549.303
181.000,2200027446.153
182.000,2200027353.948
183.000,2200027261.309
184.000,2200027167.901
185.000,2200027066.601
186.000,2200026971.978
187.000,2200026870.256
188.000,2200026775.135
189.000,2200026674.095
190.000,2200026575.744
191.000,2200026477.016
192.000,2200026380.800
193.000,2200026274.639
194.000,2200026175.293
195.000,2200026079.604
196.000,2200025972.716
197.000,2200025877.459
198.000,2200025769.678
199.000,2200025670.299
200.000,2200025562.314
201.000,2200025464.656
202.000,2200025360.713
203.000,2200025250.989
204.000,2200025149.018
205.000,2200025046.588
206.000,2200024944.026
207.000,2200024829.363
208.000,2200024721.622
209.000,2200024608.089
210.000,2200024501.790
211.000,2200024396.634
212.000,2200024291.004
213.000,2200024184.899
214.000,2200024064.900
215.000,2200023958.558
216.000,2200023850.358
217.000,2200023730.241
218.000,2200023630.479
219.000,2200023510.788
220.000,2200023391.219
221.000,2200023287.631
222.000,2200023178.050
223.000,2200023057.915
224.000,2200022938.668
225.000,2200022823.199
226.000,2200022709.019
227.000,2200022596.384
228.000,2200022471.333
229.000,2200022358.123
230.000,2200022243.383
231.000,2200022127.622
232.000,2200022002.446
233.000,2200021885.090
234.000,2200021760.419
235.000,2200021652.748
236.000,2200021524.659
237.000,2200021406.606
238.000,2200021285.860
239.000,2200021159.885
240.000,2200021039.657
241.000,2200020917.889
242.000,2200020787.663
243.000,2200020667.825
244.000,2200020544.116
245.000,2200020414.920
246.000,2200020290.934
247.000,2200020168.706
248.000,2200020035.737
249.000,2200019912.733
250.000,2200019789.233
251.000,2200019663.308
252.000,2200019530.436
253.000,2200019403.268
254.000,2200019268.260
255.000,2200019150.689
256.000,2200019014.212
257.000,2200018885.838
258.000,2200018749.378
259.000,2200018622.338
260.000,2200018483.185
261.000,2200018362.726
262.000,2200018224.482
263.000,2200018093.578
264.000,2200017954.859
265.000,2200017823.086
266.000,2200017691.225
267.000,2200017549.264
268.000,2200017417.830
269.000,2200017285.494
270.000,2200017142.637
271.000,2200017008.671
272.000,2200016866.133
273.000,2200016730.078
274.000,2200016595.353
275.000,2200016461.082
276.000,2200016313.836
277.000,2200016178.993
278.000,2200016033.766
279.000,2200015894.931
280.000,2200015758.524
281.000,2200015619.524
282.000,2200015474.169
283.000,2200015333.987
284.000,2200015185.588
285.000,2200015046.187
286.000,2200014906.532
287.000,2200014756.540
288.000,2200014615.491
289.000,2200014466.587
290.000,2200014324.773
291.000,2200014172.677
292.000,2200014030.514
293.000,2200013887.764
294.000,2200013736.368
295.000,2200013591.759
296.000,2200013439.617
297.000,2200013294.716
298.000,2200013152.251
299.000,2200013006.144
300.000,2200012851.123
301.000,2200012706.298
302.000,2200012550.562
303.000,2200012405.978
304.000,2200012248.770
305.000,2200012103.421
306.000,2200011944.436
307.000,2200011797.679
308.000,2200011641.736
309.000,2200011492.413
310.000,2200011343.108
311.000,2200011183.437
312.000,2200011035.938
313.000,2200010875.889
314.000,2200010724.962
315.000,2200010567.192
316.000,2200010417.798
317.000,2200010256.948
318.000,2200010115.677
319.000,2200009954.938
320.000,2200009794.838
321.000,2200009641.910
322.000,2200009488.479
323.000,2200009328.349
324.000,2200009165.383
325.000,2200009010.596
326.000,2200008850.487
327.000,2200008697.458
328.000,2200008543.047
329.000,2200008378.220
330.000,2200008216.547
331.000,2200008063.273
332.000,2200007906.605
333.000,2200007750.986
334.000,2200007587.401
335.000,2200007422.033
336.000,2200007258.863
337.000,2200007101.328
338.000,2200006943.545
339.000,2200006779.926
340.000,2200006625.322
341.000,2200006466.134
342.000,2200006302.353
343.000,2200006143.144
344.000,2200005979.059
345.000,2200005811.012
346.000,2200005651.521
347.000,2200005492.189
348.000,2200005329.365
349.000,2200005161.876
350.000,2200005000.885
351.000,2200004844.524
352.000,2200004678.936
353.000,2200004518.204
354.000,2200004348.565
355.000,2200004190.948
356.000,2200004025.657
357.000,2200003854.842
358.000,2200003685.011
359.000,2200003536.048
360.000,2200003365.579
361.000,2200003199.917
362.000,2200003036.635
363.000,2200002870.711
364.000,2200002703.236
365.000,2200002542.599
366.000,2200002383.051
367.000,2200002212.864
368.000,2200002050.217
369.000,2200001883.221
370.000,2200001712.157
371.000,2200001544.347
372.000,2200001395.223
373.000,2200001215.793
374.000,2200001051.523
375.000,2200000885.588
376.000,2200000727.040
377.000,2200000560.309
378.000,2200000396.304
379.000,2200000238.494
380.000,2200000065.869
381.000,2199999900.526
382.000,2199999728.652
383.000,2199999571.567
384.000,2199999398.635
385.000,2199999239.441
386.000,2199999074.792
387.000,2199998910.675
388.000,2199998744.289
389.000,2199998580.921
390.000,2199998414.284
391.000,2199998244.134
392.000,2199998084.064
393.000,2199997914.781
394.000,2199997749.397
395.000,2199997591.957
396.000,2199997434.237
397.000,2199997257.438
398.000,2199997091.510
399.000,2199996933.664
400.000,2199996770.547
401.000,2199996598.733
402.000,2199996438.652
403.000,2199996278.599
404.000,2199996107.837
405.000,2199995945.435
406.000,2199995780.556
407.000,2199995626.451
408.000,2199995461.179
409.000,2199995299.964
410.000,2199995131.584
411.000,2199994973.414
412.000,2199994811.848
413.000,2199994644.353
414.000,2199994481.218
415.000,2199994319.315
416.000,2199994159.123
417.000,2199994003.610
418.000,2199993829.298
419.000,2199993672.625
420.000,2199993506.463
421.000,2199993355.149
422.000,2199993192.581
423.000,2199993042.128
424.000,2199992880.046
425.000,2199992712.959
426.000,2199992548.153
427.000,2199992395.494
428.000,2199992228.656
429.000,2199992077.086
430.000,2199991911.457
431.000,2199991755.100
432.000,2199991596.443
433.000,2199991436.977
434.000,2199991282.085
435.000,2199991131.402
436.000,2199990967.569
437.000,2199990811.482
438.000,2199990655.789
439.000,2199990499.107
440.000,2199990349.465
441.000,2199990196.453
442.000,2199990034.981
443.000,2199989878.810
444.000,2199989724.171
445.000,2199989578.511
446.000,2199989416.248
447.000,2199989256.947
448.000,2199989113.017
449.000,2199988966.442
450.000,2199988800.799
451.000,2199988655.214
452.000,2199988497.192
453.000,2199988352.595
454.000,2199988199.295
455.000,2199988043.338
456.000,2199987902.159
457.000,2199987753.796
458.000,2199987595.371
459.000,2199987451.723
460.000,2199987305.181
461.000,2199987157.657
462.000,2199987008.307
463.000,2199986854.891
464.000,2199986716.700
465.000,2199986560.684
466.000,2199986419.576
467.000,2199986268.351
468.000,2199986116.114
469.000,2199985977.112
470.000,2199985833.534
471.000,2199985690.731
472.000,2199985544.868
473.000,2199985394.941
474.000,2199985257.829
475.000,2199985108.329
476.000,2199984968.298
477.000,2199984834.914
478.000,2199984691.444
479.000,2199984552.024
480.000,2199984412.445
481.000,2199984267.057
482.000,2199984131.727
483.000,2199983986.870
484.000,2199983845.533
485.000,2199983715.825
486.000,2199983572.372
487.000,2199983431.787
488.000,2199983289.577
489.000,2199983160.930
490.000,2199983023.148
491.000,2199982899.250
492.000,2199982750.898
493.000,2199982616.782
494.000,2199982487.952
495.000,2199982343.566
496.000,2199982211.363
497.000,2199982087.511
498.000,2199981949.025
499.000,2199981813.504
500.000,2199981683.459
501.000,2199981553.878
502.000,2199981424.772
503.000,2199981287.553
504.000,2199981162.642
505.000,2199981034.251
506.000,2199980899.323
507.000,2199980767.971
508.000,2199980641.619
509.000,2199980515.743
510.000,2199980385.911
511.000,2199980272.384
512.000,2199980132.232
513.000,2199980015.494
514.000,2199979887.294
515.000,2199979768.591
516.000,2199979633.147
517.000,2199979517.555
518.000,2199979381.161
519.000,2199979274.367
520.000,2199979139.249
521.000,2199979022.453
522.000,2199978905.377
523.000,2199978792.505
524.000,2199978658.639
525.000,2199978546.977
526.000,2199978423.869
527.000,2199978307.043
528.000,2199978180.777
529.000,2199978064.572
530.000,2199977948.529
531.000,2199977832.963
532.000,2199977717.865
533.000,2199977602.934
534.000,2199977486.893
535.000,2199977372.567
536.000,2199977248.685
537.000,2199977146.868
538.000,2199977025.773
539.000,2199976916.601
540.000,2199976791.310
541.000,2199976691.960
542.000,2199976580.921
543.000,2199976457.825
544.000,2199976356.862
545.000,2199976246.670
546.000,2199976144.137
547.000,2199976027.111
548.000,2199975910.829
549.000,2199975811.950
550.000,2199975710.794
551.000,2199975590.274
552.000,2199975490.353
553.000,2199975384.960
554.000,2199975279.195
555.000,2199975169.971
556.000,2199975067.289
557.000,2199974968.226
558.000,2199974860.602
559.000,2199974758.225
560.000,2199974650.236
561.000,2199974539.428
562.000,2199974453.206
563.000,2199974336.954
564.000,2199974242.806
565.000,2199974145.648
566.000,2199974042.538
567.000,2199973934.732
568.000,2199973835.691
569.000,2199973752.221
570.000,2199973654.145
571.000,2199973557.106
572.000,2199973456.051
573.000,2199973360.143
574.000,2199973249.117
575.000,2199973159.012
576.000,2199973073.008
577.000,2199972972.494
578.000,2199972889.606
579.000,2199972785.936
580.000,2199972687.598
581.000,2199972597.002
582.000,2199972504.384
583.000,2199972412.186
584.000,2199972323.155
585.000,2199972234.825
586.000,2199972134.071
587.000,2199972046.859
588.000,2199971956.461
589.000,2199971869.539
590.000,2199971780.240
591.000,2199971684.855
592.000,2199971596.637
593.000,2199971517.316
594.000,2199971421.338
595.000,2199971342.861
596.000,2199971254.922
597.000,2199971168.447
598.000,2199971080.116
599.000,2199970994.715
600.000,2199970902.426
601.000,2199970818.074
602.000,2199970745.275
603.000,2199970654.961
604.000,2199970571.245
605.000,2199970493.699
606.000,2199970413.660
607.000,2199970330.841
608.000,2199970247.168
609.000,2199970172.697
610.000,2199970077.514
611.000,2199969999.154
612.000,2199969927.892
613.000,2199969850.548
614.000,2199969763.923
615.000,2199969687.847
616.000,2199969611.117
617.000,2199969532.818
618.000,2199969452.325
619.000,2199969377.234
620.000,2199969302.510
621.000,2199969218.727
622.000,2199969144.982
623.000,2199969070.843
624.000,2199968995.061
625.000,2199968921.886
626.000,2199968854.139
627.000,2199968775.534
628.000,2199968696.072
629.000,2199968629.423
630.000,2199968556.276
631.000,2199968473.495
632.000,2199968412.024
633.000,2199968345.248
634.000,2199968275.508
635.000,2199968196.652
636.000,2199968123.129
637.000,2199968063.638
638.000,2199967986.286
639.000,2199967914.662
640.000,2199967859.757
641.000,2199967782.910
642.000,2199967715.856
643.000,2199967644.782
644.000,2199967578.151
645.000,2199967513.536
646.000,2199967444.191
647.000,2199967379.246
648.000,2199967314.916
649.000,2199967240.667
650.000,2199967186.717
651.000,2199967119.181
652.000,2199967056.881
653.000,2199966983.424
654.000,2199966930.157
655.000,2199966864.940
656.000,2199966792.871
657.000,2199966731.707
658.000,2199966669.725
659.000,2199966609.424
660.000,2199966557.063
661.000,2199966484.930
662.000,2199966423.688
663.000,2199966364.626
664.000,2199966304.432
665.000,2199966253.997
666.000,2199966183.132
667.000,2199966124.605
668.000,2199966067.286
669.000,2199966008.089
670.000,2199965953.099
671.000,2199965892.956
672.000,2199965828.848
673.000,2199965778.744
674.000,2199965719.238
675.000,2199965662.604
676.000,2199965606.724
677.000,2199965553.703
678.000,2199965495.539
679.000,2199965437.655
680.000,2199965385.234
681.000,2199965329.556
682.000,2199965274.356
683.000,2199965212.865
684.000,2199965160.093
685.000,2199965114.919
686.000,2199965064.095
687.000,2199965008.361
688.000,2199964946.573
689.000,2199964891.792
690.000,2199964841.583
691.000,2199964800.099
692.000,2199964748.807
693.000,2199964686.994
694.000,2199964644.274
695.000,2199964597.325
696.000,2199964544.102
697.000,2199964493.880
698.000,2199964437.086
699.000,2199964396.782
700.000,2199964338.524
701.000,2199964295.734
702.000,2199964237.771
703.000,2199964200.782
704.000,2199964139.492
705.000,2199964103.164
706.000,2199964044.066
707.000,2199964007.994
708.000,2199963951.485
709.000,2199963915.657
710.000,2199963868.998
711.000,2199963809.560
712.000,2199963776.575
713.000,2199963730.213
714.000,2199963681.229
715.000,2199963637.352
716.000,2199963588.605
717.000,2199963546.994
718.000,2199963503.566
719.000,2199963459.329
720.000,2199963414.528
721.000,2199963361.391
722.000,2199963326.557
723.000,2199963269.988
724.000,2199963237.342
725.000,2199963195.922
726.000,2199963145.236
727.000,2199963101.939
728.000,2199963059.618
729.000,2199963016.927
730.000,2199962983.932
731.000,2199962945.352
732.000,2199962904.985
733.000,2199962859.962
734.000,2199962821.613
735.000,2199962780.693
736.000,2199962739.224
737.000,2199962698.508
738.000,2199962667.063
739.000,2199962620.827
740.000,2199962582.160
741.000,2199962549.443
742.000,2199962509.867
743.000,2199962471.521
744.000,2199962424.678
745.000,2199962394.530
746.000,2199962347.537
747.000,2199962310.303
748.000,2199962273.072
749.000,2199962234.779
750.000,2199962206.936
751.000,2199962169.386
752.000,2199962123.286
753.000,2199962096.323
754.000,2199962058.965
755.000,2199962015.185
756.000,2199961987.286
757.000,2199961951.475
758.000,2199961915.187
759.000,2199961881.245
760.000,2199961844.493
761.000,2199961810.183
762.000,2199961775.576
763.000,2199961748.629
764.000,2199961704.872
765.000,2199961671.100
766.000,2199961638.787
