Time(s),Frequency(Hz)
0.000,2200018965.128
1.000,2200018889.804
2.000,2200018804.750
3.000,2200018734.305
4.000,2200018651.418
5.000,2200018575.943
6.000,2200018497.620
7.000,2200018419.367
8.000,2200018341.888
9.000,2200018264.204
10.000,2200018183.733
11.000,2200018107.094
12.000,2200018031.368
13.000,2200017950.749
14.000,2200017862.823
15.000,2200017793.410
16.000,2200017705.122
17.000,2200017627.314
18.000,2200017546.420
19.000,2200017467.595
20.000,2200017386.316
21.000,2200017304.712
22.000,2200017228.886
23.000,2200017143.505
24.000,2200017064.209
25.000,2200016974.966
26.000,2200016894.947
27.000,2200016814.594
28.000,2200016734.913
29.000,2200016652.490
30.000,2200016571.244
31.000,2200016487.498
32.000,2200016406.568
33.000,2200016323.003
34.000,2200016234.273
35.000,2200016159.927
36.000,2200016064.429
37.000,2200015986.318
38.000,2200015901.265
39.000,2200015819.149
40.000,2200015729.686
41.000,2200015643.516
42.000,2200015558.295
43.000,2200015474.575
44.000,2200015390.984
45.000,2200015308.166
46.000,2200015220.706
47.000,2200015137.835
48.000,2200015046.915
49.000,2200014965.579
50.000,2200014870.727
51.000,2200014788.113
52.000,2200014699.553
53.000,2200014618.137
54.000,2200014529.513
55.000,2200014436.588
56.000,2200014347.907
57.000,2200014263.436
58.000,2200014176.007
59.000,2200014083.087
60.000,2200014001.821
61.000,2200013906.760
62.000,2200013817.951
63.000,2200013731.864
64.000,2200013644.425
65.000,2200013553.844
66.000,2200013464.846
67.000,2200013383.272
68.000,2200013290.053
69.000,2200013197.191
70.000,2200013110.028
71.000,2200013015.689
72.000,2200012930.023
73.000,2200012832.961
74.000,2200012746.395
75.000,2200012653.802
76.000,2200012563.286
77.000,2200012474.739
78.000,2200012374.386
79.000,2200012294.780
80.000,2200012200.382
81.000,2200012104.977
82.000,2200012015.379
83.000,2200011925.630
84.000,2200011834.248
85.000,2200011741.147
86.000,2200011649.770
87.000,2200011552.303
88.000,2200011460.342
89.000,2200011369.720
90.000,2200011272.506
91.000,2200011177.582
92.000,2200011090.254
93.000,2200010987.142
94.000,2200010901.571
95.000,2200010808.625
96.000,2200010710.648
97.000,2200010617.126
98.000,2200010525.245
99.000,2200010422.113
100.000,2200010330.587
101.000,2200010234.111
102.000,2200010141.991
103.000,2200010053.968
104.000,2200009953.288
105.000,2200009854.135
106.000,2200009762.610
107.000,2200009668.401
108.000,2200009568.368
109.000,2200009473.919
110.000,2200009384.494
111.000,2200009276.902
112.000,2200009183.186
113.000,2200009095.415
114.000,2200008998.258
115.000,2200008897.444
116.000,2200008797.355
117.000,2200008701.437
118.000,2200008605.236
119.000,2200008504.091
120.000,2200008414.200
121.000,2200008308.896
122.000,2200008216.423
123.000,2200008120.292
124.000,2200008017.812
125.000,2200007926.025
126.000,2200007824.753
127.000,2200007722.550
128.000,2200007625.506
129.000,2200007532.344
130.000,2200007431.361
131.000,2200007333.009
132.000,2200007235.551
133.000,2200007126.866
134.000,2200007035.628
135.000,2200006935.821
136.000,2200006837.269
137.000,2200006739.620
138.000,2200006641.729
139.000,2200006543.902
140.000,2200006443.266
141.000,2200006340.678
142.000,2200006241.882
143.000,2200006142.645
144.000,2200006042.642
145.000,2200005944.542
146.000,2200005840.556
147.000,2200005735.486
148.000,2200005636.129
149.000,2200005542.002
150.000,2200005437.079
151.000,2200005343.182
152.000,2200005237.421
153.000,2200005136.654
154.000,2200005036.424
155.000,2200004931.159
156.000,2200004841.823
157.000,2200004736.435
158.000,2200004636.569
159.000,2200004528.728
160.000,2200004430.710
161.000,2200004333.445
162.000,2200004228.132
163.000,2200004127.557
164.000,2200004025.268
165.000,2200003925.031
166.000,2200003823.902
167.000,2200003723.742
168.000,2200003617.083
169.000,2200003516.436
170.000,2200003414.434
171.000,2200003306.032
172.000,2200003210.530
173.000,2200003107.315
174.000,2200003014.039
175.000,2200002905.477
176.000,2200002804.759
177.000,2200002696.480
178.000,2200002600.730
179.000,2200002497.545
180.000,2200002396.592
181.000,2200002294.032
182.000,2200002185.729
183.000,2200002096.357
184.000,2200001989.474
185.000,2200001886.005
186.000,2200001782.482
187.000,2200001675.872
188.000,2200001572.617
189.000,2200001471.208
190.000,2200001368.251
191.000,2200001265.274
192.000,2200001163.460
193.000,2200001058.113
194.000,2200000949.838
195.000,2200000859.935
196.000,2200000750.901
197.000,2200000652.500
198.000,2200000547.841
199.000,2200000450.332
200.000,2200000342.027
201.000,2200000238.013
202.000,2200000140.111
203.000,2200000040.668
204.000,2199999931.148
205.000,2199999832.491
206.000,2199999728.714
207.000,2199999626.620
208.000,2199999518.333
209.000,2199999423.456
210.000,2199999315.866
211.000,2199999208.338
212.000,2199999109.691
213.000,2199999006.206
214.000,2199998897.610
215.000,2199998799.708
216.000,2199998700.878
217.000,2199998598.725
218.000,2199998489.761
219.000,2199998390.270
220.000,2199998293.167
221.000,2199998184.728
222.000,2199998080.486
223.000,2199997982.680
224.000,2199997881.148
225.000,2199997767.094
226.000,2199997668.614
227.000,2199997571.638
228.000,2199997469.553
229.000,2199997362.806
230.000,2199997264.496
231.000,2199997157.421
232.000,2199997059.576
233.000,2199996954.707
234.000,2199996851.328
235.000,2199996749.596
236.000,2199996649.613
237.000,2199996542.126
238.000,2199996438.091
239.000,2199996340.720
240.000,2199996242.525
241.000,2199996139.806
242.000,2199996035.133
243.000,2199995935.035
244.000,2199995831.165
245.000,2199995727.307
246.000,2199995630.216
247.000,2199995526.786
248.000,2199995423.460
249.000,2199995325.763
250.000,2199995229.625
251.000,2199995129.584
252.000,2199995016.084
253.000,2199994916.311
254.000,2199994816.834
255.000,2199994717.608
256.000,2199994620.285
257.000,2199994521.612
258.000,2199994410.987
259.000,2199994308.949
260.000,2199994215.360
261.000,2199994116.327
262.000,2199994014.946
263.000,2199993904.119
264.000,2199993806.031
265.000,2199993709.237
266.000,2199993596.965
267.000,2199993509.695
268.000,2199993413.886
269.000,2199993304.553
270.000,2199993205.404
271.000,2199993107.994
272.000,2199993011.695
273.000,2199992914.098
274.000,2199992813.371
275.000,2199992718.280
276.000,2199992608.834
277.000,2199992510.610
278.000,2199992411.258
279.000,2199992313.142
280.000,2199992218.989
281.000,2199992121.470
282.000,2199992026.715
283.000,2199991927.185
284.000,2199991832.220
285.000,2199991724.062
286.000,2199991621.942
287.000,2199991527.912
288.000,2199991433.748
289.000,2199991334.922
290.000,2199991223.758
291.000,2199991127.740
292.000,2199991044.233
293.000,2199990935.107
294.000,2199990840.233
295.000,2199990758.318
296.000,2199990650.173
297.000,2199990552.348
298.000,2199990459.721
299.000,2199990360.050
300.000,2199990266.179
301.000,2199990173.934
302.000,2199990061.246
303.000,2199989967.108
304.000,2199989874.386
305.000,2199989777.633
306.000,2199989685.505
307.000,2199989585.782
308.000,2199989496.722
309.000,2199989399.746
310.000,2199989304.085
311.000,2199989197.178
312.000,2199989118.790
313.000,2199989023.180
314.000,2199988931.156
315.000,2199988837.968
316.000,2199988726.970
317.000,2199988650.147
318.000,2199988556.162
319.000,2199988449.986
320.000,2199988354.127
321.000,2199988262.878
322.000,2199988169.341
323.000,2199988075.561
324.000,2199987984.696
325.000,2199987890.450
326.000,2199987800.180
327.000,2199987706.628
328.000,2199987615.585
329.000,2199987523.729
330.000,2199987429.868
331.000,2199987340.981
332.000,2199987247.807
333.000,2199987155.198
334.000,2199987063.601
335.000,2199986973.603
336.000,2199986882.646
337.000,2199986789.880
338.000,2199986701.121
339.000,2199986593.979
340.000,2199986520.544
341.000,2199986429.207
342.000,2199986323.199
343.000,2199986249.891
344.000,2199986159.222
345.000,2199986069.297
346.000,2199985980.222
347.000,2199985890.249
348.000,2199985784.970
349.000,2199985710.491
350.000,2199985620.632
351.000,2199985532.757
352.000,2199985444.376
353.000,2199985354.561
354.000,2199985268.309
355.000,2199985176.704
356.000,2199985090.266
357.000,2199985001.554
358.000,2199984912.634
359.000,2199984825.223
360.000,2199984738.395
361.000,2199984651.149
362.000,2199984562.988
363.000,2199984491.065
364.000,2199984387.792
365.000,2199984300.464
366.000,2199984215.810
367.000,2199984143.821
368.000,2199984041.961
369.000,2199983954.547
370.000,2199983870.422
371.000,2199983782.039
372.000,2199983713.877
373.000,2199983628.109
374.000,2199983541.559
375.000,2199983456.471
376.000,2199983354.330
377.000,2199983269.453
378.000,2199983200.326
379.000,2199983115.446
380.000,2199983030.329
381.000,2199982947.413
382.000,2199982863.828
383.000,2199982794.878
384.000,2199982695.259
385.000,2199982610.891
386.000,2199982543.282
387.000,2199982459.820
388.000,2199982375.517
389.000,2199982293.177
390.000,2199982209.465
391.000,2199982126.777
392.000,2199982044.537
393.000,2199981977.501
394.000,2199981879.166
395.000,2199981796.736
396.000,2199981715.658
397.000,2199981634.255
398.000,2199981553.515
399.000,2199981485.126
400.000,2199981404.928
401.000,2199981322.995
402.000,2199981242.204
403.000,2199981161.985
