Time(s),Frequency(Hz)
0.000,2200043888.756
1.000,2200043874.181
2.000,2200043857.359
3.000,2200043849.192
4.000,2200043823.737
5.000,2200043806.783
6.000,2200043798.510
7.000,2200043780.235
8.000,2200043762.451
9.000,2200043744.837
10.000,2200043726.714
11.000,2200043710.012
12.000,2200043699.418
13.000,2200043682.665
14.000,2200043654.145
15.000,2200043645.238
16.000,2200043624.431
17.000,2200043596.026
18.000,2200043589.023
19.000,2200043568.985
20.000,2200043540.076
21.000,2200043530.141
22.000,2200043509.332
23.000,2200043489.411
24.000,2200043469.992
25.000,2200043449.144
26.000,2200043429.190
27.000,2200043409.122
28.000,2200043398.477
29.000,2200043368.361
30.000,2200043347.199
31.000,2200043326.970
32.000,2200043304.174
33.000,2200043294.254
34.000,2200043273.353
35.000,2200043249.943
36.000,2200043227.432
37.000,2200043204.993
38.000,2200043183.486
39.000,2200043161.373
40.000,2200043139.291
41.000,2200043115.579
42.000,2200043094.294
43.000,2200043071.968
44.000,2200043047.548
45.000,2200043033.077
46.000,2200043000.006
47.000,2200042977.141
48.000,2200042963.431
49.000,2200042929.801
50.000,2200042914.811
51.000,2200042889.197
52.000,2200042865.367
53.000,2200042840.729
54.000,2200042816.436
55.000,2200042782.304
56.000,2200042764.692
57.000,2200042729.816
58.000,2200042714.559
59.000,2200042687.862
60.000,2200042662.156
61.000,2200042636.960
62.000,2200042609.735
63.000,2200042582.312
64.000,2200042556.088
65.000,2200042528.180
66.000,2200042502.183
67.000,2200042474.903
68.000,2200042446.810
69.000,2200042429.874
70.000,2200042389.721
71.000,2200042362.320
72.000,2200042333.230
73.000,2200042305.436
74.000,2200042275.875
75.000,2200042246.622
76.000,2200042216.501
77.000,2200042199.407
78.000,2200042159.016
79.000,2200042138.876
80.000,2200042110.841
81.000,2200042069.629
82.000,2200042038.905
83.000,2200042007.397
84.000,2200041986.450
85.000,2200041954.827
86.000,2200041925.305
87.000,2200041880.665
88.000,2200041860.844
89.000,2200041816.137
90.000,2200041793.340
91.000,2200041762.929
92.000,2200041719.517
93.000,2200041696.426
94.000,2200041662.844
95.000,2200041628.847
96.000,2200041595.176
97.000,2200041560.539
98.000,2200041526.417
99.000,2200041491.462
100.000,2200041458.671
101.000,2200041421.275
102.000,2200041387.776
103.000,2200041342.121
104.000,2200041316.022
105.000,2200041280.185
106.000,2200041243.554
107.000,2200041206.882
108.000,2200041169.983
109.000,2200041132.738
110.000,2200041084.910
111.000,2200041046.912
112.000,2200041009.222
113.000,2200040970.521
114.000,2200040942.827
115.000,2200040893.343
116.000,2200040852.339
117.000,2200040815.171
118.000,2200040785.490
119.000,2200040744.172
120.000,2200040695.108
121.000,2200040663.393
122.000,2200040622.818
123.000,2200040581.761
124.000,2200040529.901
125.000,2200040500.220
126.000,2200040456.945
127.000,2200040414.405
128.000,2200040372.181
129.000,2200040327.528
130.000,2200040286.278
131.000,2200040232.208
132.000,2200040197.131
133.000,2200040142.887
134.000,2200040108.741
135.000,2200040064.512
136.000,2200040019.375
137.000,2200039972.542
138.000,2200039915.954
139.000,2200039870.561
140.000,2200039824.185
141.000,2200039777.322
142.000,2200039730.970
143.000,2200039683.680
144.000,2200039635.401
145.000,2200039586.221
146.000,2200039539.190
147.000,2200039489.162
148.000,2200039440.053
149.000,2200039390.067
150.000,2200039341.232
151.000,2200039278.803
152.000,2200039239.055
153.000,2200039176.651
154.000,2200039137.301
155.000,2200039073.800
156.000,2200039022.377
157.000,2200038969.746
158.000,2200038926.486
159.000,2200038862.823
160.000,2200038809.547
161.000,2200038754.739
162.000,2200038711.994
163.000,2200038645.695
164.000,2200038590.504
165.000,2200038547.038
166.000,2200038478.115
167.000,2200038422.662
168.000,2200038364.029
169.000,2200038307.588
170.000,2200038238.831
171.000,2200038181.365
172.000,2200038132.492
173.000,2200038074.453
174.000,2200038015.346
175.000,2200037944.097
176.000,2200037884.170
177.000,2200037822.313
178.000,2200037761.107
179.000,2200037700.372
180.000,2200037639.412
181.000,2200037575.709
182.000,2200037513.235
183.000,2200037450.318
184.000,2200037385.594
185.000,2200037310.462
186.000,2200037256.008
187.000,2200037190.860
188.000,2200037114.436
189.000,2200037048.839
190.000,2200036992.781
191.000,2200036913.910
192.000,2200036846.680
193.000,2200036779.164
194.000,2200036698.964
195.000,2200036641.212
196.000,2200036571.433
197.000,2200036500.732
198.000,2200036429.976
199.000,2200036348.063
200.000,2200036277.680
201.000,2200036204.942
202.000,2200036132.335
203.000,2200036058.819
204.000,2200035984.757
205.000,2200035899.524
206.000,2200035824.222
207.000,2200035760.988
208.000,2200035673.698
209.000,2200035608.567
210.000,2200035520.447
211.000,2200035442.857
212.000,2200035364.839
213.000,2200035286.260
214.000,2200035196.380
215.000,2200035116.185
216.000,2200035036.442
217.000,2200034954.525
218.000,2200034873.210
219.000,2200034803.106
220.000,2200034708.854
221.000,2200034626.009
222.000,2200034541.809
223.000,2200034457.313
224.000,2200034361.179
225.000,2200034275.964
226.000,2200034190.137
227.000,2200034113.793
228.000,2200034014.986
229.000,2200033926.844
230.000,2200033839.195
231.000,2200033737.723
232.000,2200033648.205
233.000,2200033568.700
234.000,2200033465.856
235.000,2200033374.184
236.000,2200033281.208
237.000,2200033178.002
238.000,2200033095.149
239.000,2200032990.737
240.000,2200032895.281
241.000,2200032798.830
242.000,2200032701.690
243.000,2200032595.813
244.000,2200032507.022
245.000,2200032409.822
246.000,2200032308.737
247.000,2200032197.795
248.000,2200032096.551
249.000,2200031998.047
250.000,2200031894.525
251.000,2200031793.228
252.000,2200031689.550
253.000,2200031575.396
254.000,2200031478.486
255.000,2200031364.425
256.000,2200031256.760
257.000,2200031151.914
258.000,2200031042.024
259.000,2200030922.579
260.000,2200030814.385
261.000,2200030703.192
262.000,2200030593.253
263.000,2200030482.322
264.000,2200030359.834
265.000,2200030256.511
266.000,2200030132.287
267.000,2200030018.989
268.000,2200029891.648
269.000,2200029776.555
270.000,2200029658.674
271.000,2200029541.792
272.000,2200029422.661
273.000,2200029303.938
274.000,2200029183.557
275.000,2200029063.012
276.000,2200028932.099
277.000,2200028808.545
278.000,2200028675.526
279.000,2200028552.444
280.000,2200028426.832
281.000,2200028302.457
282.000,2200028174.629
283.000,2200028047.178
284.000,2200027921.635
285.000,2200027791.886
286.000,2200027650.788
287.000,2200027521.271
288.000,2200027378.866
289.000,2200027255.739
290.000,2200027111.983
291.000,2200026978.561
292.000,2200026843.457
293.000,2200026708.958
294.000,2200026561.347
295.000,2200026425.478
296.000,2200026288.359
297.000,2200026138.383
298.000,2200026006.145
299.000,2200025856.403
300.000,2200025714.289
301.000,2200025573.042
302.000,2200025429.211
303.000,2200025277.940
304.000,2200025130.578
305.000,2200024973.171
306.000,2200024827.932
307.000,2200024682.370
308.000,2200024530.814
309.000,2200024380.952
310.000,2200024231.612
311.000,2200024070.306
312.000,2200023917.207
313.000,2200023767.226
314.000,2200023601.364
315.000,2200023456.500
316.000,2200023290.272
317.000,2200023136.286
318.000,2200022977.646
319.000,2200022808.205
320.000,2200022640.462
321.000,2200022478.466
322.000,2200022330.355
323.000,2200022158.114
324.000,2200021995.094
325.000,2200021821.444
326.000,2200021659.215
327.000,2200021494.214
328.000,2200021327.051
329.000,2200021148.366
330.000,2200020981.691
331.000,2200020812.515
332.000,2200020644.437
333.000,2200020461.293
334.000,2200020293.569
335.000,2200020121.915
336.000,2200019937.204
337.000,2200019772.584
338.000,2200019587.489
339.000,2200019401.564
340.000,2200019227.853
341.000,2200019050.624
342.000,2200018865.856
343.000,2200018690.599
344.000,2200018500.146
345.000,2200018318.804
346.000,2200018136.589
347.000,2200017945.905
348.000,2200017758.765
349.000,2200017577.295
350.000,2200017392.367
351.000,2200017196.155
352.000,2200017008.892
353.000,2200016813.888
354.000,2200016625.001
355.000,2200016434.005
356.000,2200016237.687
357.000,2200016047.033
358.000,2200015854.556
359.000,2200015655.093
360.000,2200015461.381
361.000,2200015266.852
362.000,2200015061.156
363.000,2200014864.389
364.000,2200014662.009
365.000,2200014472.747
366.000,2200014268.624
367.000,2200014064.916
368.000,2200013859.090
369.000,2200013663.086
370.000,2200013461.381
371.000,2200013249.560
372.000,2200013050.792
373.000,2200012841.270
374.000,2200012641.782
375.000,2200012426.567
376.000,2200012210.705
377.000,2200012008.931
378.000,2200011802.600
379.000,2200011599.192
380.000,2200011381.480
381.000,2200011170.621
382.000,2200010956.081
383.000,2200010744.319
384.000,2200010528.335
385.000,2200010310.872
386.000,2200010101.764
387.000,2200009888.225
388.000,2200009673.086
389.000,2200009463.031
390.000,2200009238.969
391.000,2200009027.878
392.000,2200008803.152
393.000,2200008587.872
394.000,2200008367.550
395.000,2200008149.073
396.000,2200007932.618
397.000,2200007705.197
398.000,2200007495.874
399.000,2200007267.864
400.000,2200007044.083
401.000,2200006823.353
402.000,2200006598.855
403.000,2200006393.146
404.000,2200006160.008
405.000,2200005945.565
406.000,2200005711.751
407.000,2200005480.102
408.000,2200005262.511
409.000,2200005043.201
410.000,2200004811.334
411.000,2200004586.111
412.000,2200004362.153
413.000,2200004139.631
414.000,2200003908.787
415.000,2200003690.164
416.000,2200003459.138
417.000,2200003235.619
418.000,2200003004.628
419.000,2200002786.196
420.000,2200002549.043
421.000,2200002320.891
422.000,2200002093.171
423.000,2200001870.706
424.000,2200001636.439
425.000,2200001414.070
426.000,2200001191.946
427.000,2200000956.719
428.000,2200000721.449
429.000,2200000496.857
430.000,2200000267.178
431.000,2200000045.417
432.000,2199999809.697
433.000,2199999587.616
434.000,2199999351.800
435.000,2199999136.653
436.000,2199998914.636
437.000,2199998669.527
438.000,2199998434.336
439.000,2199998225.026
440.000,2199997983.637
441.000,2199997761.566
442.000,2199997531.374
443.000,2199997292.418
444.000,2199997081.852
445.000,2199996841.457
446.000,2199996619.395
447.000,2199996412.618
448.000,2199996169.652
449.000,2199995948.861
450.000,2199995728.268
451.000,2199995482.653
452.000,2199995280.458
453.000,2199995035.131
454.000,2199994821.378
455.000,2199994574.698
456.000,2199994375.211
457.000,2199994146.497
458.000,2199993933.043
459.000,2199993690.857
460.000,2199993484.884
461.000,2199993253.440
462.000,2199993031.309
463.000,2199992807.764
464.000,2199992576.609
465.000,2199992356.138
466.000,2199992140.981
467.000,2199991918.585
468.000,2199991704.641
469.000,2199991485.398
470.000,2199991269.860
471.000,2199991054.424
472.000,2199990824.276
473.000,2199990625.401
474.000,2199990391.377
475.000,2199990180.672
476.000,2199989980.552
477.000,2199989749.189
478.000,2199989539.394
479.000,2199989330.114
480.000,2199989117.628
481.000,2199988903.441
482.000,2199988680.900
483.000,2199988483.296
484.000,2199988258.007
485.000,2199988050.210
486.000,2199987841.565
487.000,2199987647.501
488.000,2199987427.378
489.000,2199987219.535
490.000,2199987016.160
491.000,2199986793.776
492.000,2199986591.981
493.000,2199986402.310
494.000,2199986186.152
495.000,2199985984.814
496.000,2199985796.740
497.000,2199985580.063
498.000,2199985380.571
499.000,2199985179.073
500.000,2199984983.100
501.000,2199984799.744
502.000,2199984605.220
503.000,2199984393.628
504.000,2199984197.399
505.000,2199984001.574
506.000,2199983807.563
507.000,2199983613.016
508.000,2199983420.667
509.000,2199983231.263
510.000,2199983039.173
511.000,2199982846.965
512.000,2199982660.503
513.000,2199982471.857
514.000,2199982283.077
515.000,2199982079.803
516.000,2199981912.404
517.000,2199981724.274
518.000,2199981539.842
519.000,2199981340.482
520.000,2199981157.417
521.000,2199980976.405
522.000,2199980809.184
523.000,2199980612.393
524.000,2199980434.690
525.000,2199980254.690
526.000,2199980078.013
527.000,2199979917.541
528.000,2199979724.210
529.000,2199979566.117
530.000,2199979374.898
531.000,2199979216.533
532.000,2199979028.372
533.000,2199978873.082
534.000,2199978702.915
535.000,2199978532.682
536.000,2199978345.345
537.000,2199978176.905
538.000,2199978010.024
539.000,2199977859.037
540.000,2199977693.745
541.000,2199977511.321
542.000,2199977364.037
543.000,2199977201.273
544.000,2199977020.497
545.000,2199976859.495
546.000,2199976715.781
547.000,2199976555.542
548.000,2199976395.911
549.000,2199976239.282
550.000,2199976081.086
551.000,2199975924.590
552.000,2199975769.906
553.000,2199975613.980
554.000,2199975460.865
555.000,2199975306.240
556.000,2199975173.011
557.000,2199975003.269
558.000,2199974870.199
559.000,2199974720.670
560.000,2199974571.324
561.000,2199974423.355
562.000,2199974275.962
563.000,2199974130.683
564.000,2199973983.661
565.000,2199973823.317
566.000,2199973696.775
567.000,2199973553.973
568.000,2199973412.088
569.000,2199973270.943
570.000,2199973129.968
571.000,2199972988.891
572.000,2199972869.262
573.000,2199972713.441
574.000,2199972576.786
575.000,2199972455.980
576.000,2199972320.686
577.000,2199972187.411
578.000,2199972053.215
579.000,2199971919.510
580.000,2199971804.435
581.000,2199971655.133
582.000,2199971525.603
583.000,2199971413.549
584.000,2199971283.096
585.000,2199971153.999
586.000,2199971027.360
587.000,2199970898.598
588.000,2199970775.108
589.000,2199970649.179
590.000,2199970525.115
591.000,2199970419.374
592.000,2199970278.309
593.000,2199970172.592
594.000,2199970051.071
595.000,2199969929.212
596.000,2199969809.451
597.000,2199969708.267
598.000,2199969572.754
599.000,2199969472.813
600.000,2199969356.878
601.000,2199969240.624
602.000,2199969123.029
603.000,2199969009.134
604.000,2199968895.578
605.000,2199968782.126
606.000,2199968687.572
607.000,2199968573.761
608.000,2199968462.545
609.000,2199968353.082
610.000,2199968243.287
611.000,2199968134.393
612.000,2199968026.535
613.000,2199967933.945
614.000,2199967813.145
615.000,2199967720.794
616.000,2199967616.162
617.000,2199967508.079
618.000,2199967425.171
619.000,2199967321.542
620.000,2199967215.864
621.000,2199967117.808
622.000,2199967012.621
623.000,2199966930.103
624.000,2199966812.250
625.000,2199966730.311
626.000,2199966631.737
627.000,2199966530.288
628.000,2199966432.512
629.000,2199966353.452
630.000,2199966257.433
631.000,2199966161.473
632.000,2199966067.107
633.000,2199965972.227
634.000,2199965892.264
635.000,2199965803.016
636.000,2199965706.361
637.000,2199965618.629
638.000,2199965522.980
639.000,2199965449.843
640.000,2199965359.498
641.000,2199965269.967
642.000,2199965198.093
643.000,2199965088.202
644.000,2199965004.748
645.000,2199964934.106
646.000,2199964843.662
647.000,2199964774.383
648.000,2199964693.011
649.000,2199964603.636
650.000,2199964518.840
651.000,2199964435.079
652.000,2199964368.246
653.000,2199964286.025
654.000,2199964202.920
655.000,2199964116.724
656.000,2199964052.408
657.000,2199963958.644
658.000,2199963895.813
659.000,2199963815.558
660.000,2199963753.765
661.000,2199963652.476
662.000,2199963596.437
663.000,2199963513.558
664.000,2199963436.183
665.000,2199963359.291
666.000,2199963304.647
667.000,2199963224.226
668.000,2199963170.238
669.000,2199963090.824
670.000,2199963015.948
671.000,2199962941.882
672.000,2199962885.327
673.000,2199962794.919
674.000,2199962739.586
675.000,2199962666.813
676.000,2199962612.572
677.000,2199962540.906
678.000,2199962487.017
679.000,2199962399.421
680.000,2199962329.365
681.000,2199962276.968
682.000,2199962224.399
683.000,2199962155.986
684.000,2199962092.658
685.000,2199962019.397
686.000,2199961951.827
687.000,2199961901.702
688.000,2199961835.157
689.000,2199961768.395
690.000,2199961719.857
691.000,2199961659.611
692.000,2199961588.975
693.000,2199961529.929
694.000,2199961482.535
695.000,2199961418.577
696.000,2199961354.803
697.000,2199961286.122
698.000,2199961239.789
699.000,2199961177.733
700.000,2199961138.190
701.000,2199961076.626
702.000,2199961025.953
703.000,2199960970.826
704.000,2199960910.616
705.000,2199960849.957
706.000,2199960807.076
707.000,2199960747.312
708.000,2199960688.102
709.000,2199960629.239
710.000,2199960593.777
711.000,2199960529.249
712.000,2199960471.263
713.000,2199960430.885
714.000,2199960396.341
715.000,2199960333.069
716.000,2199960276.524
717.000,2199960243.476
718.000,2199960187.790
719.000,2199960131.846
720.000,2199960076.988
721.000,2199960037.964
722.000,2199959983.520
723.000,2199959935.840
724.000,2199959898.458
725.000,2199959838.061
726.000,2199959807.757
727.000,2199959755.026
728.000,2199959708.191
729.000,2199959649.071
730.000,2199959613.823
731.000,2199959561.874
732.000,2199959526.259
733.000,2199959465.084
734.000,2199959430.864
735.000,2199959396.163
736.000,2199959345.984
737.000,2199959311.981
738.000,2199959261.970
739.000,2199959212.229
740.000,2199959169.662
741.000,2199959137.249
742.000,2199959087.392
743.000,2199959055.450
744.000,2199959014.606
745.000,2199958975.010
746.000,2199958934.314
747.000,2199958902.987
748.000,2199958863.025
749.000,2199958808.209
750.000,2199958768.967
751.000,2199958738.231
752.000,2199958708.241
753.000,2199958669.442
754.000,2199958616.056
755.000,2199958577.949
756.000,2199958543.910
757.000,2199958503.421
758.000,2199958473.528
759.000,2199958428.867
760.000,2199958404.219
761.000,2199958363.635
762.000,2199958319.483
763.000,2199958292.252
764.000,2199958248.868
765.000,2199958224.210
766.000,2199958181.844
767.000,2199958157.927
768.000,2199958099.760
769.000,2199958072.359
770.000,2199958053.568
771.000,2199958012.449
772.000,2199957969.243
773.000,2199957932.478
774.000,2199957921.812
775.000,2199957869.155
776.000,2199957843.864
777.000,2199957821.699
778.000,2199957781.993
779.000,2199957760.902
780.000,2199957720.711
781.000,2199957700.148
782.000,2199957643.213
783.000,2199957624.084
784.000,2199957588.371
785.000,2199957564.791
786.000,2199957525.051
787.000,2199957506.041
788.000,2199957466.649
789.000,2199957447.819
790.000,2199957409.084
791.000,2199957374.655
792.000,2199957356.331
793.000,2199957317.794
794.000,2199957299.948
795.000,2199957278.452
796.000,2199957244.052
797.000,2199957211.678
798.000,2199957188.942
799.000,2199957172.585
800.000,2199957138.527
801.000,2199957118.558
802.000,2199957069.029
803.000,2199957069.087
804.000,2199957021.258
805.000,2199957000.526
806.000,2199956984.203
807.000,2199956953.380
808.000,2199956916.712
809.000,2199956901.607
810.000,2199956866.299
811.000,2199956864.952
812.000,2199956814.098
813.000,2199956799.860
814.000,2199956769.171
815.000,2199956749.861
816.000,2199956723.555
817.000,2199956704.636
818.000,2199956674.374
819.000,2199956659.815
820.000,2199956642.105
821.000,2199956612.403
822.000,2199956598.360
823.000,2199956568.647
824.000,2199956539.647
825.000,2199956521.073
826.000,2199956492.188
827.000,2199956478.609
828.000,2199956451.050
829.000,2199956436.641
830.000,2199956404.545
831.000,2199956391.708
832.000,2199956363.172
833.000,2199956335.189
834.000,2199956323.654
835.000,2199956305.165
836.000,2199956293.836
837.000,2199956266.050
838.000,2199956238.800
839.000,2199956221.664
840.000,2199956199.260
841.000,2199956183.730
842.000,2199956171.777
843.000,2199956144.823
844.000,2199956117.851
845.000,2199956101.812
846.000,2199956079.593
847.000,2199956065.038
848.000,2199956052.220
849.000,2199956027.239
850.000,2199956020.769
851.000,2199955989.972
852.000,2199955965.467
853.000,2199955969.276
854.000,2199955943.760
855.000,2199955917.957
856.000,2199955893.752
857.000,2199955883.215
