Time(s),Frequency(Hz)
0.000,2200048807.886
1.000,2200048803.133
2.000,2200048804.038
3.000,2200048811.248
4.000,2200048799.115
5.000,2200048796.439
6.000,2200048794.041
7.000,2200048791.533
8.000,2200048798.953
9.000,2200048796.432
10.000,2200048793.799
11.000,2200048788.211
12.000,2200048786.369
13.000,2200048797.132
14.000,2200048784.506
15.000,2200048788.720
16.000,2200048775.113
17.000,2200048783.365
18.000,2200048769.882
19.000,2200048773.903
20.000,2200048772.314
21.000,2200048772.711
22.000,2200048776.933
23.000,2200048763.096
24.000,2200048770.516
25.000,2200048758.518
26.000,2200048764.822
27.000,2200048748.738
28.000,2200048756.034
29.000,2200048749.967
30.000,2200048746.155
31.000,2200048743.228
32.000,2200048747.516
33.000,2200048733.561
34.000,2200048740.658
35.000,2200048737.447
36.000,2200048734.494
37.000,2200048727.795
38.000,2200048724.690
39.000,2200048718.034
40.000,2200048703.764
41.000,2200048707.616
42.000,2200048704.198
43.000,2200048700.585
44.000,2200048694.140
45.000,2200048697.765
46.000,2200048683.412
47.000,2200048679.922
48.000,2200048686.837
49.000,2200048668.550
50.000,2200048675.871
51.000,2200048668.228
52.000,2200048661.537
53.000,2200048657.495
54.000,2200048650.192
55.000,2200048656.981
56.000,2200048649.088
57.000,2200048642.413
58.000,2200048638.096
59.000,2200048630.275
60.000,2200048626.407
61.000,2200048618.945
62.000,2200048611.094
63.000,2200048606.467
64.000,2200048602.163
65.000,2200048594.436
66.000,2200048586.320
67.000,2200048578.164
68.000,2200048584.430
69.000,2200048565.325
70.000,2200048568.691
71.000,2200048552.632
72.000,2200048555.068
73.000,2200048544.089
74.000,2200048539.120
75.000,2200048530.593
76.000,2200048525.082
77.000,2200048516.354
78.000,2200048505.649
79.000,2200048499.786
80.000,2200048494.138
81.000,2200048482.230
82.000,2200048476.372
83.000,2200048464.783
84.000,2200048458.711
85.000,2200048461.480
86.000,2200048440.901
87.000,2200048442.733
88.000,2200048433.811
89.000,2200048424.494
90.000,2200048415.111
91.000,2200048405.574
92.000,2200048407.615
93.000,2200048398.293
94.000,2200048380.020
95.000,2200048367.195
96.000,2200048357.404
97.000,2200048359.009
98.000,2200048349.092
99.000,2200048339.188
100.000,2200048317.419
101.000,2200048318.976
102.000,2200048308.457
103.000,2200048286.369
104.000,2200048284.378
105.000,2200048273.921
106.000,2200048263.260
107.000,2200048252.256
108.000,2200048241.518
109.000,2200048230.549
110.000,2200048219.546
111.000,2200048208.373
112.000,2200048205.898
113.000,2200048183.001
114.000,2200048183.053
115.000,2200048159.899
116.000,2200048148.296
117.000,2200048148.295
118.000,2200048133.547
119.000,2200048121.442
120.000,2200048106.709
121.000,2200048094.316
122.000,2200048082.083
123.000,2200048069.598
124.000,2200048054.233
125.000,2200048041.628
126.000,2200048028.795
127.000,2200048028.093
128.000,2200047999.808
129.000,2200047998.895
130.000,2200047970.671
131.000,2200047957.445
132.000,2200047940.762
133.000,2200047939.490
134.000,2200047910.700
135.000,2200047896.828
136.000,2200047892.162
137.000,2200047865.559
138.000,2200047851.478
139.000,2200047833.972
140.000,2200047819.545
141.000,2200047814.174
142.000,2200047799.321
143.000,2200047781.663
144.000,2200047766.278
145.000,2200047748.432
146.000,2200047729.928
147.000,2200047714.362
148.000,2200047693.012
149.000,2200047679.996
150.000,2200047661.088
151.000,2200047641.951
152.000,2200047622.910
153.000,2200047603.301
154.000,2200047589.532
155.000,2200047569.816
156.000,2200047562.574
157.000,2200047529.918
158.000,2200047515.226
159.000,2200047494.975
160.000,2200047468.733
161.000,2200047453.711
162.000,2200047427.179
163.000,2200047411.641
164.000,2200047390.385
165.000,2200047381.703
166.000,2200047347.327
167.000,2200047330.820
168.000,2200047316.335
169.000,2200047286.623
170.000,2200047277.103
171.000,2200047241.538
172.000,2200047231.671
173.000,2200047195.718
174.000,2200047172.308
175.000,2200047162.030
176.000,2200047125.163
177.000,2200047101.316
178.000,2200047082.609
179.000,2200047065.960
180.000,2200047041.469
181.000,2200047003.369
182.000,2200046983.898
183.000,2200046953.087
184.000,2200046940.863
185.000,2200046907.248
186.000,2200046875.918
187.000,2200046862.981
188.000,2200046836.410
189.000,2200046796.512
190.000,2200046788.006
191.000,2200046747.507
192.000,2200046714.638
193.000,2200046686.855
194.000,2200046672.184
195.000,2200046630.347
196.000,2200046601.822
197.000,2200046586.357
198.000,2200046557.305
199.000,2200046508.996
200.000,2200046479.226
201.000,2200046468.041
202.000,2200046418.814
203.000,2200046388.235
204.000,2200046357.151
205.000,2200046325.949
206.000,2200046308.135
207.000,2200046262.524
208.000,2200046230.084
209.000,2200046197.649
210.000,2200046164.630
211.000,2200046131.238
212.000,2200046097.944
213.000,2200046058.678
214.000,2200046024.482
215.000,2200045989.869
216.000,2200045949.735
217.000,2200045914.484
218.000,2200045883.657
219.000,2200045828.710
220.000,2200045806.047
221.000,2200045769.307
222.000,2200045731.966
223.000,2200045680.094
224.000,2200045651.197
225.000,2200045598.583
226.000,2200045559.764
227.000,2200045534.368
228.000,2200045475.920
229.000,2200045449.809
230.000,2200045394.913
231.000,2200045353.865
232.000,2200045307.353
233.000,2200045270.497
234.000,2200045223.058
235.000,2200045175.570
236.000,2200045132.218
237.000,2200045093.060
238.000,2200045039.344
239.000,2200044984.670
240.000,2200044949.479
241.000,2200044903.517
242.000,2200044852.605
243.000,2200044791.339
244.000,2200044758.327
245.000,2200044710.429
246.000,2200044642.667
247.000,2200044608.744
248.000,2200044539.772
249.000,2200044489.802
250.000,2200044439.052
251.000,2200044387.886
252.000,2200044336.090
253.000,2200044279.187
254.000,2200044221.715
255.000,2200044152.900
256.000,2200044098.802
257.000,2200044043.879
258.000,2200043984.030
259.000,2200043923.274
260.000,2200043866.562
261.000,2200043809.189
262.000,2200043751.100
263.000,2200043688.116
264.000,2200043628.387
265.000,2200043564.066
266.000,2200043503.000
267.000,2200043437.216
268.000,2200043374.777
269.000,2200043307.534
270.000,2200043243.953
271.000,2200043163.617
272.000,2200043109.662
273.000,2200043023.830
274.000,2200042961.255
275.000,2200042873.837
276.000,2200042816.577
277.000,2200042747.444
278.000,2200042673.033
279.000,2200042602.064
280.000,2200042510.631
281.000,2200042453.289
282.000,2200042364.213
283.000,2200042285.646
284.000,2200042206.243
285.000,2200042110.124
286.000,2200042036.861
287.000,2200041970.588
288.000,2200041887.548
289.000,2200041787.515
290.000,2200041706.411
291.000,2200041624.307
292.000,2200041537.325
293.000,2200041453.268
294.000,2200041364.250
295.000,2200041274.312
296.000,2200041186.881
297.000,2200041082.502
298.000,2200040985.635
299.000,2200040910.994
300.000,2200040799.801
301.000,2200040706.954
302.000,2200040593.093
303.000,2200040510.535
304.000,2200040397.864
305.000,2200040296.794
306.000,2200040197.887
307.000,2200040094.309
308.000,2200039993.054
309.000,2200039883.702
310.000,2200039779.793
311.000,2200039674.736
312.000,2200039544.865
313.000,2200039453.752
314.000,2200039328.088
315.000,2200039210.827
316.000,2200039082.365
317.000,2200038985.747
318.000,2200038850.865
319.000,2200038731.619
320.000,2200038627.340
321.000,2200038491.497
322.000,2200038367.612
323.000,2200038242.287
324.000,2200038098.672
325.000,2200037990.091
326.000,2200037860.138
327.000,2200037711.803
328.000,2200037581.637
329.000,2200037429.997
330.000,2200037310.473
331.000,2200037155.503
332.000,2200037015.759
333.000,2200036877.146
334.000,2200036716.981
335.000,2200036574.805
336.000,2200036442.211
337.000,2200036279.424
338.000,2200036129.110
339.000,2200035976.974
340.000,2200035822.979
341.000,2200035669.711
342.000,2200035511.930
343.000,2200035334.958
344.000,2200035173.297
345.000,2200035009.690
346.000,2200034844.078
347.000,2200034661.540
348.000,2200034491.850
349.000,2200034320.104
350.000,2200034143.987
351.000,2200033952.963
352.000,2200033774.922
353.000,2200033594.678
354.000,2200033412.320
355.000,2200033229.830
356.000,2200033040.912
357.000,2200032851.879
358.000,2200032660.557
359.000,2200032467.008
360.000,2200032255.546
361.000,2200032057.307
362.000,2200031839.122
363.000,2200031653.670
364.000,2200031432.493
365.000,2200031222.844
366.000,2200030995.131
367.000,2200030799.806
368.000,2200030567.183
369.000,2200030350.953
370.000,2200030130.627
371.000,2200029907.843
372.000,2200029664.726
373.000,2200029436.813
374.000,2200029188.395
375.000,2200028972.958
376.000,2200028735.757
377.000,2200028498.472
378.000,2200028238.402
379.000,2200027995.788
380.000,2200027731.343
381.000,2200027482.001
382.000,2200027229.853
383.000,2200026974.175
384.000,2200026699.735
385.000,2200026439.393
386.000,2200026176.256
387.000,2200025910.311
388.000,2200025640.437
389.000,2200025352.020
390.000,2200025077.195
391.000,2200024782.602
392.000,2200024519.210
393.000,2200024219.115
394.000,2200023932.745
395.000,2200023643.661
396.000,2200023334.537
397.000,2200023039.978
398.000,2200022742.805
399.000,2200022425.259
400.000,2200022121.843
401.000,2200021815.925
402.000,2200021507.144
403.000,2200021195.478
404.000,2200020863.287
405.000,2200020546.125
406.000,2200020208.237
407.000,2200019885.443
408.000,2200019559.686
409.000,2200019231.134
410.000,2200018882.173
411.000,2200018548.132
412.000,2200018211.838
413.000,2200017872.149
414.000,2200017529.991
415.000,2200017167.717
416.000,2200016820.755
417.000,2200016453.232
418.000,2200016117.657
419.000,2200015745.410
420.000,2200015370.762
421.000,2200015027.735
422.000,2200014631.550
423.000,2200014283.535
424.000,2200013914.962
425.000,2200013529.989
426.000,2200013157.574
427.000,2200012767.128
428.000,2200012390.752
429.000,2200012013.145
430.000,2200011614.823
431.000,2200011231.885
432.000,2200010848.375
433.000,2200010462.323
434.000,2200010056.674
435.000,2200009667.904
436.000,2200009259.648
437.000,2200008867.338
438.000,2200008470.657
439.000,2200008056.958
440.000,2200007677.235
441.000,2200007262.362
442.000,2200006845.604
443.000,2200006442.438
444.000,2200006039.181
445.000,2200005616.917
446.000,2200005213.488
447.000,2200004808.371
448.000,2200004384.723
449.000,2200003960.831
450.000,2200003550.476
451.000,2200003143.151
452.000,2200002716.127
453.000,2200002320.463
454.000,2200001896.035
455.000,2200001482.899
456.000,2200001058.298
457.000,2200000645.439
458.000,2200000230.972
459.000,2199999802.897
460.000,2199999392.940
461.000,2199998965.282
462.000,2199998555.540
463.000,2199998126.708
464.000,2199997734.108
465.000,2199997304.918
466.000,2199996894.609
467.000,2199996487.114
468.000,2199996062.707
469.000,2199995653.240
470.000,2199995234.093
471.000,2199994827.300
472.000,2199994422.911
473.000,2199994004.419
474.000,2199993585.942
475.000,2199993182.296
476.000,2199992779.801
477.000,2199992382.505
478.000,2199991968.944
479.000,2199991555.295
480.000,2199991164.257
481.000,2199990770.620
482.000,2199990380.791
483.000,2199989978.180
484.000,2199989592.030
485.000,2199989188.024
486.000,2199988803.982
487.000,2199988410.554
488.000,2199988027.806
489.000,2199987638.987
490.000,2199987262.037
491.000,2199986887.740
492.000,2199986500.991
493.000,2199986121.656
494.000,2199985755.680
495.000,2199985388.160
496.000,2199985015.517
497.000,2199984652.311
498.000,2199984296.123
499.000,2199983926.345
500.000,2199983575.504
501.000,2199983210.712
502.000,2199982864.984
503.000,2199982510.571
504.000,2199982164.781
505.000,2199981826.491
506.000,2199981475.491
507.000,2199981135.157
508.000,2199980799.564
509.000,2199980462.409
510.000,2199980137.500
511.000,2199979795.396
512.000,2199979488.611
513.000,2199979162.435
514.000,2199978846.150
515.000,2199978528.156
516.000,2199978200.578
517.000,2199977894.893
518.000,2199977592.586
519.000,2199977283.912
520.000,2199976981.021
521.000,2199976676.182
522.000,2199976387.071
523.000,2199976091.011
524.000,2199975796.641
525.000,2199975514.143
526.000,2199975226.025
527.000,2199974951.828
528.000,2199974674.679
529.000,2199974386.595
530.000,2199974110.469
531.000,2199973847.021
532.000,2199973573.759
533.000,2199973304.570
534.000,2199973058.347
535.000,2199972796.053
536.000,2199972527.730
537.000,2199972275.701
538.000,2199972027.255
539.000,2199971780.582
540.000,2199971534.971
541.000,2199971296.092
542.000,2199971047.950
543.000,2199970810.645
544.000,2199970591.626
545.000,2199970344.399
546.000,2199970127.566
547.000,2199969891.714
548.000,2199969664.961
549.000,2199969437.396
550.000,2199969215.549
551.000,2199969002.194
552.000,2199968787.975
553.000,2199968591.873
554.000,2199968370.433
555.000,2199968161.346
556.000,2199967962.720
557.000,2199967758.277
558.000,2199967564.276
559.000,2199967364.366
560.000,2199967155.060
561.000,2199966979.841
562.000,2199966787.353
563.000,2199966589.049
564.000,2199966416.344
565.000,2199966234.824
566.000,2199966041.296
567.000,2199965864.360
568.000,2199965684.481
569.000,2199965514.666
570.000,2199965339.217
571.000,2199965169.140
572.000,2199965004.943
573.000,2199964835.929
574.000,2199964672.201
575.000,2199964500.672
576.000,2199964341.515
577.000,2199964180.180
578.000,2199964033.809
579.000,2199963869.843
580.000,2199963717.664
581.000,2199963570.439
582.000,2199963418.302
583.000,2199963281.732
584.000,2199963123.420
585.000,2199962980.418
586.000,2199962838.607
587.000,2199962711.780
588.000,2199962560.508
589.000,2199962423.697
590.000,2199962291.774
591.000,2199962155.226
592.000,2199962026.183
593.000,2199961896.295
594.000,2199961770.049
595.000,2199961640.245
596.000,2199961513.697
597.000,2199961388.571
598.000,2199961267.769
599.000,2199961131.190
600.000,2199961025.053
601.000,2199960905.823
602.000,2199960789.458
603.000,2199960674.323
604.000,2199960562.551
605.000,2199960449.944
606.000,2199960337.705
607.000,2199960227.951
608.000,2199960120.817
609.000,2199960009.857
610.000,2199959905.205
611.000,2199959801.064
612.000,2199959698.346
613.000,2199959594.561
614.000,2199959496.648
615.000,2199959394.100
616.000,2199959295.791
617.000,2199959195.635
618.000,2199959113.491
619.000,2199959005.003
620.000,2199958908.951
621.000,2199958832.098
622.000,2199958724.510
623.000,2199958634.043
624.000,2199958544.649
625.000,2199958456.501
626.000,2199958365.715
627.000,2199958293.065
628.000,2199958207.356
629.000,2199958109.784
630.000,2199958039.672
631.000,2199957957.306
632.000,2199957872.451
633.000,2199957791.723
634.000,2199957712.022
635.000,2199957632.901
636.000,2199957555.540
637.000,2199957478.442
638.000,2199957401.663
639.000,2199957324.314
640.000,2199957251.960
641.000,2199957175.920
642.000,2199957101.888
643.000,2199957030.466
644.000,2199956972.490
645.000,2199956889.016
646.000,2199956831.643
647.000,2199956749.702
648.000,2199956695.246
649.000,2199956623.319
650.000,2199956557.288
651.000,2199956507.620
652.000,2199956426.399
653.000,2199956363.570
654.000,2199956310.241
655.000,2199956250.551
656.000,2199956171.713
657.000,2199956108.854
658.000,2199956062.617
659.000,2199956002.655
660.000,2199955941.232
661.000,2199955885.296
662.000,2199955827.021
663.000,2199955764.132
664.000,2199955710.453
665.000,2199955663.829
666.000,2199955608.185
667.000,2199955550.680
668.000,2199955509.180
669.000,2199955458.010
670.000,2199955391.014
671.000,2199955349.213
672.000,2199955298.778
673.000,2199955244.776
674.000,2199955193.162
675.000,2199955142.646
676.000,2199955094.909
677.000,2199955055.380
678.000,2199954993.248
679.000,2199954941.032
680.000,2199954909.232
681.000,2199954861.168
682.000,2199954813.794
683.000,2199954766.898
684.000,2199954730.655
685.000,2199954671.692
686.000,2199954641.847
687.000,2199954597.172
688.000,2199954549.164
689.000,2199954504.922
690.000,2199954477.502
691.000,2199954417.744
692.000,2199954388.135
693.000,2199954345.188
694.000,2199954306.400
695.000,2199954264.274
696.000,2199954222.607
697.000,2199954194.759
698.000,2199954154.189
699.000,2199954110.405
700.000,2199954073.271
701.000,2199954034.962
702.000,2199954007.786
703.000,2199953969.248
704.000,2199953930.872
705.000,2199953895.758
706.000,2199953858.082
707.000,2199953816.655
708.000,2199953797.031
709.000,2199953762.869
710.000,2199953726.953
711.000,2199953699.757
712.000,2199953653.906
713.000,2199953632.764
714.000,2199953596.265
715.000,2199953561.908
716.000,2199953522.820
717.000,2199953509.186
718.000,2199953462.113
719.000,2199953441.541
720.000,2199953406.793
721.000,2199953394.022
722.000,2199953354.200
723.000,2199953328.660
724.000,2199953292.408
725.000,2199953262.955
726.000,2199953244.457
727.000,2199953213.054
728.000,2199953184.788
729.000,2199953154.110
730.000,2199953136.009
731.000,2199953104.177
732.000,2199953078.360
733.000,2199953046.744
734.000,2199953034.790
735.000,2199953005.370
736.000,2199952979.046
737.000,2199952952.743
738.000,2199952919.471
739.000,2199952903.412
740.000,2199952878.148
741.000,2199952867.953
742.000,2199952822.165
743.000,2199952810.200
744.000,2199952785.379
745.000,2199952758.520
746.000,2199952746.741
747.000,2199952720.284
748.000,2199952693.427
749.000,2199952669.799
750.000,2199952643.533
751.000,2199952633.095
752.000,2199952620.189
753.000,2199952596.911
754.000,2199952571.776
755.000,2199952549.062
756.000,2199952523.887
757.000,2199952514.481
758.000,2199952492.476
759.000,2199952468.022
760.000,2199952464.301
761.000,2199952437.587
762.000,2199952413.030
763.000,2199952392.048
764.000,2199952368.210
765.000,2199952360.048
766.000,2199952349.413
767.000,2199952321.553
768.000,2199952308.418
769.000,2199952287.748
770.000,2199952280.756
771.000,2199952260.792
772.000,2199952235.038
773.000,2199952233.939
774.000,2199952208.202
775.000,2199952196.196
776.000,2199952169.905
777.000,2199952163.574
778.000,2199952157.165
779.000,2199952138.263
780.000,2199952113.343
781.000,2199952095.067
782.000,2199952076.936
783.000,2199952076.941
784.000,2199952052.820
785.000,2199952034.451
786.000,2199952028.953
787.000,2199952017.328
788.000,2199951993.169
789.000,2199951976.467
790.000,2199951971.014
791.000,2199951948.380
792.000,2199951943.321
793.000,2199951926.043
794.000,2199951908.869
795.000,2199951904.291
796.000,2199951887.509
797.000,2199951870.239
798.000,2199951872.916
799.000,2199951849.237
800.000,2199951845.289
801.000,2199951829.934
802.000,2199951813.547
803.000,2199951797.443
804.000,2199951793.264
805.000,2199951796.706
806.000,2199951767.882
807.000,2199951764.544
808.000,2199951743.196
809.000,2199951727.426
810.000,2199951724.119
811.000,2199951720.681
812.000,2199951711.009
813.000,2199951708.978
814.000,2199951687.024
815.000,2199951671.511
816.000,2199951668.601
817.000,2199951660.460
818.000,2199951652.245
819.000,2199951630.561
820.000,2199951627.535
821.000,2199951614.719
822.000,2199951617.474
823.000,2199951597.298
824.000,2199951600.356
825.000,2199951585.747
826.000,2199951573.196
827.000,2199951558.353
828.000,2199951562.023
829.000,2199951561.591
830.000,2199951540.003
831.000,2199951525.774
832.000,2199951531.178
833.000,2199951513.575
834.000,2199951502.839
835.000,2199951501.422
836.000,2199951490.819
837.000,2199951480.865
838.000,2199951479.215
839.000,2199951469.198
840.000,2199951462.237
841.000,2199951465.914
842.000,2199951444.321
843.000,2199951442.502
844.000,2199951435.900
845.000,2199951431.620
846.000,2199951418.189
847.000,2199951420.735
848.000,2199951407.205
849.000,2199951410.229
850.000,2199951391.226
851.000,2199951387.645
852.000,2199951390.238
853.000,2199951371.760
854.000,2199951370.725
855.000,2199951366.760
856.000,2199951370.095
857.000,2199951363.421
858.000,2199951360.165
859.000,2199951347.085
860.000,2199951332.855
861.000,2199951337.376
862.000,2199951328.576
863.000,2199951331.990
864.000,2199951330.864
865.000,2199951306.603
866.000,2199951309.548
867.000,2199951301.155
868.000,2199951304.554
869.000,2199951299.881
870.000,2199951295.658
871.000,2199951300.008
872.000,2199951282.607
873.000,2199951279.177
874.000,2199951265.750
875.000,2199951269.359
876.000,2199951274.178
877.000,2199951265.968
878.000,2199951252.316
879.000,2199951261.705
880.000,2199951249.078
881.000,2199951253.032
882.000,2199951252.648
883.000,2199951240.455
884.000,2199951248.468
885.000,2199951236.133
886.000,2199951229.655
887.000,2199951237.383
888.000,2199951225.678
889.000,2199951229.423
890.000,2199951217.374
891.000,2199951221.346
892.000,2199951213.402
893.000,2199951217.791
894.000,2199951222.415
895.000,2199951219.391
896.000,2199951202.017
897.000,2199951211.338
898.000,2199951194.184
899.000,2199951191.838
900.000,2199951196.152
901.000,2199951199.917
902.000,2199951205.323
903.000,2199951197.442
904.000,2199951190.149
905.000,2199951177.475
906.000,2199951181.685
907.000,2199951186.916
908.000,2199951190.758
909.000,2199951183.746
910.000,2199951176.010
911.000,2199951185.657
912.000,2199951178.330
913.000,2199951178.167
914.000,2199951182.441
