Time(s),Frequency(Hz)
0.000,2200041491.392
1.000,2200041468.107
2.000,2200041436.775
3.000,2200041393.346
4.000,2200041369.757
5.000,2200041325.965
6.000,2200041301.999
7.000,2200041269.893
8.000,2200041235.481
9.000,2200041201.174
10.000,2200041168.349
11.000,2200041133.552
12.000,2200041098.602
13.000,2200041073.515
14.000,2200041028.188
15.000,2200041002.731
16.000,2200040967.186
17.000,2200040931.291
18.000,2200040895.242
19.000,2200040859.049
20.000,2200040822.629
21.000,2200040794.575
22.000,2200040757.664
23.000,2200040722.643
24.000,2200040673.247
25.000,2200040646.269
26.000,2200040608.766
27.000,2200040569.119
28.000,2200040531.286
29.000,2200040493.075
30.000,2200040465.322
31.000,2200040426.656
32.000,2200040387.958
33.000,2200040345.441
34.000,2200040306.274
35.000,2200040277.388
36.000,2200040236.120
37.000,2200040185.922
38.000,2200040156.430
39.000,2200040104.003
40.000,2200040074.126
41.000,2200040031.669
42.000,2200039989.097
43.000,2200039949.860
44.000,2200039906.959
45.000,2200039859.919
46.000,2200039820.170
47.000,2200039776.324
48.000,2200039732.427
49.000,2200039699.010
50.000,2200039658.124
51.000,2200039613.733
52.000,2200039568.702
53.000,2200039523.766
54.000,2200039478.449
55.000,2200039432.947
56.000,2200039387.057
57.000,2200039344.784
58.000,2200039305.736
59.000,2200039248.340
60.000,2200039212.585
61.000,2200039165.393
62.000,2200039129.308
63.000,2200039081.711
64.000,2200039023.099
65.000,2200038975.366
66.000,2200038937.863
67.000,2200038878.520
68.000,2200038840.710
69.000,2200038788.264
70.000,2200038742.548
71.000,2200038693.052
72.000,2200038643.490
73.000,2200038589.721
74.000,2200038539.493
75.000,2200038499.946
76.000,2200038438.288
77.000,2200038398.040
78.000,2200038346.654
79.000,2200038291.510
80.000,2200038239.532
81.000,2200038184.124
82.000,2200038135.022
83.000,2200038093.489
84.000,2200038036.924
85.000,2200037983.558
86.000,2200037926.448
87.000,2200037872.745
88.000,2200037818.522
89.000,2200037749.189
90.000,2200037705.817
91.000,2200037661.966
92.000,2200037595.317
93.000,2200037547.620
94.000,2200037480.333
95.000,2200037435.354
96.000,2200037363.965
97.000,2200037303.590
98.000,2200037257.795
99.000,2200037200.329
100.000,2200037142.376
101.000,2200037080.859
102.000,2200037019.038
103.000,2200036960.234
104.000,2200036901.006
105.000,2200036838.170
106.000,2200036789.955
107.000,2200036711.592
108.000,2200036651.162
109.000,2200036601.969
110.000,2200036537.508
111.000,2200036476.259
112.000,2200036422.561
113.000,2200036348.829
114.000,2200036294.648
115.000,2200036216.842
116.000,2200036153.834
117.000,2200036098.655
118.000,2200036031.649
119.000,2200035967.214
120.000,2200035899.494
121.000,2200035834.330
122.000,2200035765.882
123.000,2200035696.884
124.000,2200035630.996
125.000,2200035557.981
126.000,2200035503.160
127.000,2200035432.894
128.000,2200035353.490
129.000,2200035278.999
130.000,2200035210.647
131.000,2200035150.941
132.000,2200035081.608
133.000,2200035005.839
134.000,2200034924.228
135.000,2200034847.469
136.000,2200034788.904
137.000,2200034714.805
138.000,2200034640.089
139.000,2200034568.406
140.000,2200034493.118
141.000,2200034417.395
142.000,2200034341.087
143.000,2200034264.559
144.000,2200034187.636
145.000,2200034107.364
146.000,2200034029.386
147.000,2200033966.722
148.000,2200033887.877
149.000,2200033808.921
150.000,2200033729.468
151.000,2200033646.501
152.000,2200033569.627
153.000,2200033488.928
154.000,2200033407.817
155.000,2200033322.823
156.000,2200033244.244
157.000,2200033161.748
158.000,2200033075.777
159.000,2200032992.580
160.000,2200032924.118
161.000,2200032840.031
162.000,2200032752.243
163.000,2200032667.317
164.000,2200032581.814
165.000,2200032495.837
166.000,2200032409.581
167.000,2200032319.564
168.000,2200032232.421
169.000,2200032144.632
170.000,2200032056.338
171.000,2200031967.713
172.000,2200031875.599
173.000,2200031782.902
174.000,2200031705.159
175.000,2200031602.188
176.000,2200031511.259
177.000,2200031419.730
178.000,2200031337.169
179.000,2200031232.303
180.000,2200031148.836
181.000,2200031055.478
182.000,2200030961.461
183.000,2200030851.695
184.000,2200030769.349
185.000,2200030673.731
186.000,2200030575.040
187.000,2200030478.737
188.000,2200030381.745
189.000,2200030281.447
190.000,2200030180.644
191.000,2200030082.405
192.000,2200029983.418
193.000,2200029881.199
194.000,2200029781.202
195.000,2200029693.328
196.000,2200029576.964
197.000,2200029485.235
198.000,2200029367.822
199.000,2200029265.244
200.000,2200029159.492
201.000,2200029068.395
202.000,2200028949.066
203.000,2200028841.531
204.000,2200028746.171
205.000,2200028643.427
206.000,2200028521.634
207.000,2200028424.913
208.000,2200028314.724
209.000,2200028197.139
210.000,2200028085.960
211.000,2200027974.267
212.000,2200027862.127
213.000,2200027762.093
214.000,2200027648.841
215.000,2200027522.200
216.000,2200027420.741
217.000,2200027311.188
218.000,2200027195.688
219.000,2200027079.709
220.000,2200026963.173
221.000,2200026851.529
222.000,2200026728.385
223.000,2200026615.680
224.000,2200026491.439
225.000,2200026372.240
226.000,2200026252.383
227.000,2200026137.226
228.000,2200026003.483
229.000,2200025894.618
230.000,2200025772.711
231.000,2200025649.880
232.000,2200025526.734
233.000,2200025402.971
234.000,2200025278.638
235.000,2200025153.697
236.000,2200025028.161
237.000,2200024902.268
238.000,2200024775.445
239.000,2200024635.695
240.000,2200024525.705
241.000,2200024397.326
242.000,2200024263.494
243.000,2200024133.915
244.000,2200024004.079
245.000,2200023860.392
246.000,2200023742.280
247.000,2200023610.416
248.000,2200023478.083
249.000,2200023345.284
250.000,2200023211.776
251.000,2200023072.968
252.000,2200022942.996
253.000,2200022795.122
254.000,2200022671.985
255.000,2200022531.031
256.000,2200022394.137
257.000,2200022261.238
258.000,2200022118.707
259.000,2200021979.796
260.000,2200021827.964
261.000,2200021688.003
262.000,2200021547.838
263.000,2200021419.792
264.000,2200021260.653
265.000,2200021136.005
266.000,2200020980.665
267.000,2200020832.925
268.000,2200020701.690
269.000,2200020544.894
270.000,2200020399.658
271.000,2200020267.208
272.000,2200020108.263
273.000,2200019957.295
274.000,2200019822.841
275.000,2200019662.172
276.000,2200019514.317
277.000,2200019365.161
278.000,2200019211.571
279.000,2200019061.717
280.000,2200018911.005
281.000,2200018760.153
282.000,2200018604.074
283.000,2200018452.264
284.000,2200018286.655
285.000,2200018142.030
286.000,2200017992.061
287.000,2200017833.582
288.000,2200017679.118
289.000,2200017523.321
290.000,2200017350.845
291.000,2200017197.972
292.000,2200017037.309
293.000,2200016875.675
294.000,2200016717.484
295.000,2200016575.836
296.000,2200016399.598
297.000,2200016236.545
298.000,2200016080.033
299.000,2200015915.780
300.000,2200015754.052
301.000,2200015588.637
302.000,2200015426.505
303.000,2200015263.669
304.000,2200015097.127
305.000,2200014933.097
306.000,2200014756.486
307.000,2200014600.732
308.000,2200014422.973
309.000,2200014253.682
310.000,2200014091.578
311.000,2200013921.044
312.000,2200013754.184
313.000,2200013583.403
314.000,2200013415.100
315.000,2200013243.717
316.000,2200013073.986
317.000,2200012901.722
318.000,2200012719.474
319.000,2200012558.415
320.000,2200012387.924
321.000,2200012203.954
322.000,2200012045.265
323.000,2200011857.342
324.000,2200011681.428
325.000,2200011509.243
326.000,2200011335.317
327.000,2200011159.298
328.000,2200010969.767
329.000,2200010808.241
330.000,2200010620.772
331.000,2200010442.116
332.000,2200010279.333
333.000,2200010103.247
334.000,2200009912.385
335.000,2200009732.574
336.000,2200009543.088
337.000,2200009365.951
338.000,2200009197.692
339.000,2200009004.803
340.000,2200008838.500
341.000,2200008657.539
342.000,2200008466.104
343.000,2200008287.318
344.000,2200008101.260
345.000,2200007922.147
346.000,2200007739.254
347.000,2200007558.525
348.000,2200007377.402
349.000,2200007193.957
350.000,2200007000.303
351.000,2200006814.005
352.000,2200006632.066
353.000,2200006449.833
354.000,2200006265.611
355.000,2200006068.790
356.000,2200005897.132
357.000,2200005700.136
358.000,2200005517.202
359.000,2200005331.106
360.000,2200005145.614
361.000,2200004949.754
362.000,2200004775.007
363.000,2200004590.722
364.000,2200004390.316
365.000,2200004205.672
366.000,2200004018.583
367.000,2200003834.067
368.000,2200003647.239
369.000,2200003458.641
370.000,2200003271.297
371.000,2200003075.197
372.000,2200002889.030
373.000,2200002700.217
374.000,2200002514.678
375.000,2200002327.332
376.000,2200002137.683
377.000,2200001941.906
378.000,2200001754.584
379.000,2200001566.157
380.000,2200001377.046
381.000,2200001190.548
382.000,2200001004.179
383.000,2200000816.083
384.000,2200000625.982
385.000,2200000427.300
386.000,2200000243.644
387.000,2200000052.671
388.000,2199999865.835
389.000,2199999668.435
390.000,2199999478.590
391.000,2199999290.491
392.000,2199999104.185
393.000,2199998917.325
394.000,2199998719.069
395.000,2199998541.647
396.000,2199998343.009
397.000,2199998156.569
398.000,2199997968.829
399.000,2199997783.214
400.000,2199997584.454
401.000,2199997397.577
402.000,2199997209.662
403.000,2199997022.712
404.000,2199996826.889
405.000,2199996641.069
406.000,2199996454.213
407.000,2199996269.002
408.000,2199996083.011
409.000,2199995896.003
410.000,2199995711.029
411.000,2199995516.454
412.000,2199995332.353
413.000,2199995146.607
414.000,2199994960.746
415.000,2199994765.839
416.000,2199994581.935
417.000,2199994397.610
418.000,2199994213.370
419.000,2199994019.919
420.000,2199993835.676
421.000,2199993653.195
422.000,2199993470.023
423.000,2199993288.395
424.000,2199993105.690
425.000,2199992921.703
426.000,2199992733.504
427.000,2199992550.444
428.000,2199992368.777
429.000,2199992178.869
430.000,2199991998.529
431.000,2199991818.293
432.000,2199991638.516
433.000,2199991450.089
434.000,2199991279.549
435.000,2199991091.912
436.000,2199990912.461
437.000,2199990726.860
438.000,2199990548.423
439.000,2199990370.966
440.000,2199990192.664
441.000,2199990016.753
442.000,2199989831.819
443.000,2199989656.437
444.000,2199989481.093
445.000,2199989296.122
446.000,2199989121.164
447.000,2199988945.717
448.000,2199988772.264
449.000,2199988590.314
450.000,2199988417.687
451.000,2199988236.308
452.000,2199988073.945
453.000,2199987891.168
454.000,2199987722.811
455.000,2199987549.952
456.000,2199987379.805
457.000,2199987210.083
458.000,2199987032.486
459.000,2199986855.519
460.000,2199986694.980
461.000,2199986519.308
462.000,2199986349.544
463.000,2199986184.522
464.000,2199986017.971
465.000,2199985843.623
466.000,2199985668.157
467.000,2199985502.822
468.000,2199985340.880
469.000,2199985176.051
470.000,2199985004.661
471.000,2199984841.496
472.000,2199984679.369
473.000,2199984509.599
474.000,2199984355.138
475.000,2199984188.759
476.000,2199984028.042
477.000,2199983868.207
478.000,2199983700.795
479.000,2199983541.644
480.000,2199983385.006
481.000,2199983219.685
482.000,2199983055.234
483.000,2199982905.012
484.000,2199982741.299
485.000,2199982588.170
486.000,2199982431.785
487.000,2199982277.694
488.000,2199982117.597
489.000,2199981962.360
490.000,2199981803.070
491.000,2199981651.944
492.000,2199981501.339
493.000,2199981342.477
494.000,2199981191.284
495.000,2199981036.722
496.000,2199980888.110
497.000,2199980738.776
498.000,2199980591.623
499.000,2199980437.989
500.000,2199980291.293
501.000,2199980146.001
502.000,2199979999.193
503.000,2199979849.907
504.000,2199979696.873
505.000,2199979553.798
506.000,2199979410.596
507.000,2199979266.955
508.000,2199979119.078
509.000,2199978979.642
510.000,2199978831.293
511.000,2199978690.892
512.000,2199978546.174
513.000,2199978408.368
514.000,2199978268.091
515.000,2199978124.485
516.000,2199977987.640
517.000,2199977851.337
518.000,2199977716.781
519.000,2199977572.158
520.000,2199977438.421
521.000,2199977299.171
522.000,2199977166.977
523.000,2199977034.075
524.000,2199976897.594
525.000,2199976765.458
526.000,2199976630.811
527.000,2199976499.616
528.000,2199976366.110
529.000,2199976242.135
530.000,2199976097.878
531.000,2199975969.513
532.000,2199975843.519
533.000,2199975716.614
534.000,2199975585.626
535.000,2199975462.117
536.000,2199975331.981
537.000,2199975201.659
538.000,2199975079.123
539.000,2199974954.178
540.000,2199974833.168
541.000,2199974702.336
542.000,2199974585.034
543.000,2199974459.606
544.000,2199974334.674
545.000,2199974209.154
546.000,2199974091.219
547.000,2199973978.016
548.000,2199973854.505
549.000,2199973736.238
550.000,2199973610.864
551.000,2199973496.121
552.000,2199973383.541
553.000,2199973267.292
554.000,2199973145.033
555.000,2199973027.206
556.000,2199972915.320
557.000,2199972796.343
558.000,2199972690.048
559.000,2199972572.297
560.000,2199972462.164
561.000,2199972350.219
562.000,2199972244.938
563.000,2199972130.560
564.000,2199972013.447
565.000,2199971897.838
566.000,2199971795.392
567.000,2199971688.357
568.000,2199971578.500
569.000,2199971477.387
570.000,2199971363.822
571.000,2199971255.187
572.000,2199971156.081
573.000,2199971048.276
574.000,2199970942.204
575.000,2199970840.066
576.000,2199970742.614
577.000,2199970638.214
578.000,2199970528.036
579.000,2199970432.275
580.000,2199970324.826
581.000,2199970226.141
582.000,2199970128.311
583.000,2199970026.080
584.000,2199969932.716
585.000,2199969826.518
586.000,2199969730.702
587.000,2199969640.239
588.000,2199969536.354
589.000,2199969435.763
590.000,2199969350.876
591.000,2199969253.655
592.000,2199969156.589
593.000,2199969062.799
594.000,2199968966.368
595.000,2199968874.961
596.000,2199968782.855
597.000,2199968692.904
598.000,2199968599.302
599.000,2199968502.851
600.000,2199968417.946
601.000,2199968330.893
602.000,2199968234.209
603.000,2199968149.561
604.000,2199968058.951
605.000,2199967971.422
606.000,2199967885.974
607.000,2199967797.240
608.000,2199967708.470
609.000,2199967619.316
610.000,2199967541.076
611.000,2199967452.353
612.000,2199967367.946
613.000,2199967283.959
614.000,2199967198.532
615.000,2199967110.423
616.000,2199967036.710
617.000,2199966953.715
618.000,2199966870.187
619.000,2199966792.969
620.000,2199966709.971
621.000,2199966627.267
622.000,2199966553.061
623.000,2199966470.258
624.000,2199966387.964
625.000,2199966309.431
626.000,2199966237.405
627.000,2199966155.141
628.000,2199966083.985
629.000,2199966004.589
630.000,2199965928.465
631.000,2199965847.147
632.000,2199965770.191
633.000,2199965698.220
634.000,2199965627.946
635.000,2199965544.892
636.000,2199965481.124
637.000,2199965403.384
638.000,2199965327.425
639.000,2199965265.637
640.000,2199965189.611
641.000,2199965119.761
642.000,2199965042.056
643.000,2199964974.250
644.000,2199964905.996
645.000,2199964844.968
646.000,2199964766.923
647.000,2199964705.568
648.000,2199964632.036
649.000,2199964562.261
650.000,2199964496.946
651.000,2199964427.284
652.000,2199964356.860
653.000,2199964296.613
654.000,2199964227.803
655.000,2199964163.788
656.000,2199964095.652
657.000,2199964036.862
658.000,2199963969.460
659.000,2199963906.822
660.000,2199963840.909
661.000,2199963778.534
662.000,2199963717.438
663.000,2199963650.903
664.000,2199963586.200
665.000,2199963525.896
666.000,2199963465.061
667.000,2199963405.737
668.000,2199963345.598
669.000,2199963286.951
670.000,2199963223.401
671.000,2199963164.957
672.000,2199963106.549
673.000,2199963044.401
674.000,2199962991.327
675.000,2199962936.421
676.000,2199962872.748
677.000,2199962823.095
678.000,2199962762.591
679.000,2199962706.493
680.000,2199962643.268
681.000,2199962595.619
682.000,2199962539.694
683.000,2199962481.562
684.000,2199962430.210
685.000,2199962364.780
686.000,2199962306.594
687.000,2199962260.499
688.000,2199962211.623
689.000,2199962153.783
690.000,2199962105.904
691.000,2199962048.326
692.000,2199961996.581
693.000,2199961944.747
694.000,2199961888.726
695.000,2199961841.507
696.000,2199961790.147
697.000,2199961747.394
698.000,2199961692.180
699.000,2199961639.145
700.000,2199961592.606
701.000,2199961542.409
702.000,2199961493.794
703.000,2199961443.710
704.000,2199961403.522
705.000,2199961350.279
706.000,2199961298.284
707.000,2199961249.951
708.000,2199961210.110
709.000,2199961158.696
710.000,2199961115.586
711.000,2199961068.156
712.000,2199961008.856
713.000,2199960971.145
714.000,2199960923.613
715.000,2199960877.731
716.000,2199960832.106
717.000,2199960786.735
718.000,2199960745.994
719.000,2199960703.149
720.000,2199960660.480
721.000,2199960618.114
722.000,2199960574.340
723.000,2199960529.142
724.000,2199960493.473
725.000,2199960450.026
726.000,2199960406.434
727.000,2199960362.822
728.000,2199960319.294
729.000,2199960277.137
730.000,2199960236.323
731.000,2199960200.868
732.000,2199960159.030
733.000,2199960111.314
734.000,2199960076.412
735.000,2199960036.828
736.000,2199960000.811
737.000,2199959955.479
738.000,2199959923.120
739.000,2199959874.622
740.000,2199959832.376
741.000,2199959793.212
742.000,2199959764.916
743.000,2199959722.229
744.000,2199959686.516
745.000,2199959655.683
746.000,2199959614.898
747.000,2199959576.214
748.000,2199959538.102
749.000,2199959499.059
750.000,2199959473.965
751.000,2199959427.021
752.000,2199959398.016
753.000,2199959360.523
754.000,2199959321.091
755.000,2199959288.265
756.000,2199959250.561
757.000,2199959220.705
758.000,2199959183.363
759.000,2199959151.256
760.000,2199959117.325
761.000,2199959081.315
762.000,2199959047.060
763.000,2199959015.502
764.000,2199958984.675
765.000,2199958948.610
766.000,2199958926.186
767.000,2199958891.226
768.000,2199958853.951
769.000,2199958821.834
770.000,2199958787.018
771.000,2199958763.294
772.000,2199958728.418
773.000,2199958699.105
