Time(s),Frequency(Hz)
0.000,2200026735.433
1.000,2200026649.688
2.000,2200026574.645
3.000,2200026496.905
4.000,2200026431.325
5.000,2200026355.520
6.000,2200026278.568
7.000,2200026199.932
8.000,2200026122.420
9.000,2200026055.828
10.000,2200025966.980
11.000,2200025898.119
12.000,2200025819.755
13.000,2200025740.236
14.000,2200025661.492
15.000,2200025582.255
16.000,2200025502.157
17.000,2200025421.621
18.000,2200025341.745
19.000,2200025260.804
20.000,2200025189.762
21.000,2200025109.191
22.000,2200025027.333
23.000,2200024946.373
24.000,2200024864.003
25.000,2200024782.412
26.000,2200024698.824
27.000,2200024624.448
28.000,2200024532.608
29.000,2200024449.037
30.000,2200024375.715
31.000,2200024291.650
32.000,2200024206.562
33.000,2200024123.664
34.000,2200024037.335
35.000,2200023951.420
36.000,2200023867.034
37.000,2200023782.258
38.000,2200023705.212
39.000,2200023620.796
40.000,2200023532.946
41.000,2200023445.468
42.000,2200023358.663
43.000,2200023280.440
44.000,2200023193.203
45.000,2200023107.106
46.000,2200023007.330
47.000,2200022928.121
48.000,2200022839.766
49.000,2200022752.689
50.000,2200022672.778
51.000,2200022571.634
52.000,2200022491.717
53.000,2200022392.571
54.000,2200022311.633
55.000,2200022220.468
56.000,2200022129.502
57.000,2200022037.805
58.000,2200021956.925
59.000,2200021853.570
60.000,2200021763.631
61.000,2200021680.930
62.000,2200021577.853
63.000,2200021495.176
64.000,2200021402.174
65.000,2200021307.913
66.000,2200021213.335
67.000,2200021130.702
68.000,2200021035.615
69.000,2200020929.656
70.000,2200020835.121
71.000,2200020751.431
72.000,2200020655.343
73.000,2200020560.034
74.000,2200020463.458
75.000,2200020366.572
76.000,2200020280.190
77.000,2200020183.871
78.000,2200020087.680
79.000,2200019980.123
80.000,2200019892.704
81.000,2200019792.885
82.000,2200019694.209
83.000,2200019596.388
84.000,2200019507.979
85.000,2200019408.550
86.000,2200019297.766
87.000,2200019200.330
88.000,2200019108.414
89.000,2200018999.376
90.000,2200018908.079
91.000,2200018807.118
92.000,2200018707.022
93.000,2200018616.381
94.000,2200018514.408
95.000,2200018412.426
96.000,2200018311.346
97.000,2200018207.480
98.000,2200018104.542
99.000,2200018002.905
100.000,2200017910.330
101.000,2200017795.770
102.000,2200017702.898
103.000,2200017587.865
104.000,2200017494.490
105.000,2200017389.863
106.000,2200017283.776
107.000,2200017178.640
108.000,2200017073.266
109.000,2200016970.298
110.000,2200016874.191
111.000,2200016757.134
112.000,2200016660.579
113.000,2200016557.783
114.000,2200016438.854
115.000,2200016340.156
116.000,2200016235.475
117.000,2200016124.194
118.000,2200016018.975
119.000,2200015908.491
120.000,2200015802.790
121.000,2200015705.343
122.000,2200015584.474
123.000,2200015484.014
124.000,2200015376.138
125.000,2200015265.513
126.000,2200015158.512
127.000,2200015048.634
128.000,2200014939.890
129.000,2200014839.364
130.000,2200014728.882
131.000,2200014607.181
132.000,2200014507.207
133.000,2200014386.412
134.000,2200014282.245
135.000,2200014170.745
136.000,2200014058.898
137.000,2200013944.463
138.000,2200013846.943
139.000,2200013721.083
140.000,2200013619.481
141.000,2200013506.512
142.000,2200013389.842
143.000,2200013280.169
144.000,2200013164.302
145.000,2200013050.586
146.000,2200012936.659
147.000,2200012820.247
148.000,2200012705.803
149.000,2200012592.705
150.000,2200012477.847
151.000,2200012361.330
152.000,2200012246.859
153.000,2200012142.542
154.000,2200012024.788
155.000,2200011909.605
156.000,2200011793.792
157.000,2200011675.974
158.000,2200011558.166
159.000,2200011442.345
160.000,2200011336.671
161.000,2200011218.263
162.000,2200011101.115
163.000,2200010973.653
164.000,2200010865.600
165.000,2200010745.940
166.000,2200010628.753
167.000,2200010511.455
168.000,2200010391.836
169.000,2200010271.978
170.000,2200010155.017
171.000,2200010036.869
172.000,2200009916.041
173.000,2200009797.622
174.000,2200009685.951
175.000,2200009556.276
176.000,2200009448.447
177.000,2200009327.465
178.000,2200009206.085
179.000,2200009085.615
180.000,2200008977.050
181.000,2200008844.394
182.000,2200008736.322
183.000,2200008614.368
184.000,2200008481.374
185.000,2200008358.964
186.000,2200008238.753
187.000,2200008127.770
188.000,2200008007.168
189.000,2200007883.174
190.000,2200007762.943
191.000,2200007639.899
192.000,2200007518.542
193.000,2200007394.270
194.000,2200007270.653
195.000,2200007149.844
196.000,2200007026.926
197.000,2200006914.828
198.000,2200006792.778
199.000,2200006666.788
200.000,2200006543.618
201.000,2200006421.749
202.000,2200006297.594
203.000,2200006174.537
204.000,2200006050.722
205.000,2200005926.040
206.000,2200005801.908
207.000,2200005679.787
208.000,2200005553.577
209.000,2200005439.596
210.000,2200005316.815
211.000,2200005181.444
212.000,2200005055.129
213.000,2200004931.240
214.000,2200004817.445
215.000,2200004681.527
216.000,2200004569.361
217.000,2200004444.222
218.000,2200004317.463
219.000,2200004192.302
220.000,2200004067.464
221.000,2200003942.278
222.000,2200003826.210
223.000,2200003703.035
224.000,2200003564.880
225.000,2200003439.837
226.000,2200003314.609
227.000,2200003189.322
228.000,2200003074.316
229.000,2200002947.213
230.000,2200002823.572
231.000,2200002696.249
232.000,2200002560.116
233.000,2200002445.221
234.000,2200002309.285
235.000,2200002192.787
236.000,2200002066.917
237.000,2200001941.431
238.000,2200001813.878
239.000,2200001688.743
240.000,2200001561.698
241.000,2200001435.810
242.000,2200001309.893
243.000,2200001184.214
244.000,2200001058.950
245.000,2200000942.271
246.000,2200000816.551
247.000,2200000690.779
248.000,2200000551.853
249.000,2200000436.361
250.000,2200000311.134
251.000,2200000183.873
252.000,2200000059.653
253.000,2199999921.158
254.000,2199999805.692
255.000,2199999678.890
256.000,2199999553.450
257.000,2199999427.798
258.000,2199999301.258
259.000,2199999174.260
260.000,2199999049.183
261.000,2199998923.462
262.000,2199998797.017
263.000,2199998670.446
264.000,2199998544.126
265.000,2199998420.013
266.000,2199998293.578
267.000,2199998178.038
268.000,2199998040.964
269.000,2199997917.301
270.000,2199997790.981
271.000,2199997662.883
272.000,2199997547.183
273.000,2199997413.017
274.000,2199997287.696
275.000,2199997161.510
276.000,2199997048.698
277.000,2199996912.669
278.000,2199996787.219
279.000,2199996661.727
280.000,2199996536.524
281.000,2199996411.458
282.000,2199996285.866
283.000,2199996163.264
284.000,2199996046.211
285.000,2199995913.290
286.000,2199995798.606
287.000,2199995673.926
288.000,2199995539.511
289.000,2199995422.850
290.000,2199995300.792
291.000,2199995166.129
292.000,2199995052.258
293.000,2199994918.291
294.000,2199994794.360
295.000,2199994680.818
296.000,2199994546.822
297.000,2199994423.722
298.000,2199994309.905
299.000,2199994186.742
300.000,2199994055.510
301.000,2199993942.225
302.000,2199993817.766
303.000,2199993686.643
304.000,2199993572.687
305.000,2199993449.810
306.000,2199993317.875
307.000,2199993207.071
308.000,2199993073.674
309.000,2199992961.549
310.000,2199992839.585
311.000,2199992710.121
312.000,2199992596.683
313.000,2199992475.500
314.000,2199992354.506
315.000,2199992233.393
316.000,2199992112.648
317.000,2199991991.804
318.000,2199991871.775
319.000,2199991739.920
320.000,2199991631.245
321.000,2199991500.194
322.000,2199991389.831
323.000,2199991260.589
324.000,2199991141.239
325.000,2199991022.025
326.000,2199990902.529
327.000,2199990782.472
328.000,2199990663.301
329.000,2199990545.417
330.000,2199990426.998
331.000,2199990308.736
332.000,2199990190.859
333.000,2199990072.459
334.000,2199989955.605
335.000,2199989828.250
336.000,2199989720.295
337.000,2199989603.003
338.000,2199989485.442
339.000,2199989368.085
340.000,2199989242.791
341.000,2199989135.838
342.000,2199989019.068
343.000,2199988903.300
344.000,2199988777.582
345.000,2199988671.595
346.000,2199988546.543
347.000,2199988431.289
348.000,2199988316.933
349.000,2199988201.804
350.000,2199988096.122
351.000,2199987973.104
352.000,2199987859.024
353.000,2199987744.020
354.000,2199987631.412
355.000,2199987517.546
356.000,2199987403.662
357.000,2199987291.045
358.000,2199987177.880
359.000,2199987065.640
360.000,2199986944.320
361.000,2199986832.019
362.000,2199986721.177
363.000,2199986617.023
364.000,2199986497.594
365.000,2199986393.787
366.000,2199986275.152
367.000,2199986163.584
368.000,2199986053.840
369.000,2199985942.686
370.000,2199985833.446
371.000,2199985723.915
372.000,2199985614.121
373.000,2199985504.783
374.000,2199985395.650
375.000,2199985287.513
376.000,2199985169.380
377.000,2199985070.066
378.000,2199984953.753
379.000,2199984845.203
380.000,2199984746.157
381.000,2199984630.838
382.000,2199984523.550
383.000,2199984417.320
384.000,2199984310.119
385.000,2199984204.907
386.000,2199984097.884
387.000,2199983992.145
388.000,2199983878.699
389.000,2199983773.915
390.000,2199983667.351
391.000,2199983563.091
392.000,2199983459.242
393.000,2199983354.935
394.000,2199983250.822
395.000,2199983147.274
396.000,2199983044.072
397.000,2199982940.295
398.000,2199982830.595
399.000,2199982735.313
400.000,2199982624.802
401.000,2199982523.596
402.000,2199982429.413
403.000,2199982320.265
404.000,2199982217.937
405.000,2199982116.839
406.000,2199982017.330
407.000,2199981909.032
408.000,2199981808.613
409.000,2199981708.937
410.000,2199981608.309
411.000,2199981510.095
412.000,2199981410.119
413.000,2199981311.949
414.000,2199981212.711
415.000,2199981116.590
416.000,2199981010.003
417.000,2199980912.912
418.000,2199980814.655
419.000,2199980717.494
420.000,2199980620.596
421.000,2199980524.071
422.000,2199980428.260
423.000,2199980324.536
424.000,2199980228.241
425.000,2199980132.690
426.000,2199980038.357
427.000,2199979943.269
428.000,2199979842.197
429.000,2199979755.466
430.000,2199979653.342
431.000,2199979558.879
432.000,2199979467.587
433.000,2199979372.535
434.000,2199979282.346
435.000,2199979187.478
436.000,2199979096.045
437.000,2199978994.881
438.000,2199978911.329
439.000,2199978814.832
440.000,2199978721.496
441.000,2199978624.123
442.000,2199978540.933
443.000,2199978443.158
444.000,2199978355.287
445.000,2199978264.480
446.000,2199978174.779
447.000,2199978086.245
448.000,2199977991.877
449.000,2199977908.280
450.000,2199977813.467
451.000,2199977724.269
452.000,2199977637.334
453.000,2199977549.434
454.000,2199977463.023
455.000,2199977369.322
456.000,2199977290.311
457.000,2199977197.471
458.000,2199977111.485
459.000,2199977024.834
460.000,2199976939.965
461.000,2199976848.894
462.000,2199976764.437
463.000,2199976679.738
464.000,2199976593.994
465.000,2199976504.733
466.000,2199976419.805
467.000,2199976337.575
468.000,2199976258.217
469.000,2199976170.995
470.000,2199976084.210
471.000,2199976001.574
472.000,2199975919.192
473.000,2199975838.011
474.000,2199975755.484
475.000,2199975668.340
476.000,2199975589.886
477.000,2199975507.601
478.000,2199975426.727
479.000,2199975342.142
480.000,2199975267.801
481.000,2199975183.440
482.000,2199975104.218
483.000,2199975024.461
484.000,2199974945.401
485.000,2199974862.453
486.000,2199974783.586
487.000,2199974708.676
488.000,2199974624.175
489.000,2199974548.799
490.000,2199974470.298
491.000,2199974389.669
492.000,2199974318.083
493.000,2199974242.655
494.000,2199974160.442
495.000,2199974085.544
496.000,2199974009.480
497.000,2199973927.386
498.000,2199973852.135
499.000,2199973780.300
500.000,2199973701.165
501.000,2199973633.580
502.000,2199973558.870
503.000,2199973479.023
504.000,2199973405.980
