Time(s),Frequency(Hz)
0.000,2200046969.333
1.000,2200046955.711
2.000,2200046943.279
3.000,2200046947.881
4.000,2200046938.039
5.000,2200046924.560
6.000,2200046913.340
7.000,2200046896.037
8.000,2200046886.288
9.000,2200046892.051
10.000,2200046877.614
11.000,2200046863.987
12.000,2200046852.418
13.000,2200046841.638
14.000,2200046827.227
15.000,2200046812.751
16.000,2200046814.809
17.000,2200046803.149
18.000,2200046789.061
19.000,2200046776.945
20.000,2200046763.639
21.000,2200046744.344
22.000,2200046735.753
23.000,2200046721.641
24.000,2200046706.528
25.000,2200046697.009
26.000,2200046682.066
27.000,2200046683.077
28.000,2200046650.664
29.000,2200046652.785
30.000,2200046625.769
31.000,2200046620.653
32.000,2200046612.265
33.000,2200046595.846
34.000,2200046597.272
35.000,2200046563.934
36.000,2200046570.970
37.000,2200046531.985
38.000,2200046538.530
39.000,2200046505.682
40.000,2200046505.443
41.000,2200046489.508
42.000,2200046472.298
43.000,2200046461.784
44.000,2200046428.128
45.000,2200046428.045
46.000,2200046411.036
47.000,2200046393.627
48.000,2200046377.022
49.000,2200046359.122
50.000,2200046359.198
51.000,2200046330.229
52.000,2200046312.604
53.000,2200046306.114
54.000,2200046276.739
55.000,2200046270.700
56.000,2200046240.752
57.000,2200046223.198
58.000,2200046221.580
59.000,2200046186.260
60.000,2200046173.275
61.000,2200046149.171
62.000,2200046147.736
63.000,2200046133.746
64.000,2200046115.381
65.000,2200046095.998
66.000,2200046059.779
67.000,2200046040.445
68.000,2200046038.021
69.000,2200046001.709
70.000,2200045998.445
71.000,2200045961.346
72.000,2200045958.663
73.000,2200045938.878
74.000,2200045918.660
75.000,2200045897.495
76.000,2200045865.841
77.000,2200045861.176
78.000,2200045841.806
79.000,2200045815.234
80.000,2200045794.494
81.000,2200045761.162
82.000,2200045756.149
83.000,2200045730.502
84.000,2200045695.537
85.000,2200045674.343
86.000,2200045651.777
87.000,2200045626.225
88.000,2200045602.903
89.000,2200045597.706
90.000,2200045557.956
91.000,2200045539.664
92.000,2200045517.374
93.000,2200045493.699
94.000,2200045471.083
95.000,2200045442.758
96.000,2200045423.809
97.000,2200045417.334
98.000,2200045393.431
99.000,2200045368.920
100.000,2200045327.508
101.000,2200045302.947
102.000,2200045273.587
103.000,2200045235.911
104.000,2200045228.228
105.000,2200045203.773
106.000,2200045173.677
107.000,2200045151.825
108.000,2200045126.695
109.000,2200045100.135
110.000,2200045070.092
111.000,2200045030.593
112.000,2200045017.265
113.000,2200044977.288
114.000,2200044962.621
115.000,2200044919.399
116.000,2200044894.784
117.000,2200044863.495
118.000,2200044836.391
119.000,2200044807.722
120.000,2200044779.505
121.000,2200044750.756
122.000,2200044722.716
123.000,2200044693.197
124.000,2200044664.054
125.000,2200044617.569
126.000,2200044587.328
127.000,2200044557.499
128.000,2200044527.116
129.000,2200044493.777
130.000,2200044445.119
131.000,2200044414.967
132.000,2200044401.130
133.000,2200044369.854
134.000,2200044320.788
135.000,2200044288.984
136.000,2200044256.631
137.000,2200044203.317
138.000,2200044188.343
139.000,2200044137.317
140.000,2200044104.523
141.000,2200044088.710
142.000,2200044037.467
143.000,2200044003.833
144.000,2200043968.965
145.000,2200043916.919
146.000,2200043895.964
147.000,2200043864.293
148.000,2200043808.219
149.000,2200043790.170
150.000,2200043736.033
151.000,2200043699.431
152.000,2200043663.475
153.000,2200043625.933
154.000,2200043568.519
155.000,2200043533.824
156.000,2200043495.952
157.000,2200043454.501
158.000,2200043416.178
159.000,2200043374.818
160.000,2200043317.356
161.000,2200043296.219
162.000,2200043238.374
163.000,2200043200.287
164.000,2200043139.967
165.000,2200043098.630
166.000,2200043055.270
167.000,2200043015.465
168.000,2200042971.766
169.000,2200042931.044
170.000,2200042886.036
171.000,2200042842.980
172.000,2200042781.782
173.000,2200042738.276
174.000,2200042693.008
175.000,2200042640.551
176.000,2200042583.524
177.000,2200042538.466
178.000,2200042492.678
179.000,2200042435.606
180.000,2200042389.346
181.000,2200042332.793
182.000,2200042285.660
183.000,2200042226.425
184.000,2200042178.495
185.000,2200042120.562
186.000,2200042071.429
187.000,2200042021.847
188.000,2200041960.946
189.000,2200041911.142
190.000,2200041850.659
191.000,2200041798.414
192.000,2200041738.820
193.000,2200041677.285
194.000,2200041623.085
195.000,2200041569.498
196.000,2200041507.215
197.000,2200041452.323
198.000,2200041388.068
199.000,2200041332.530
200.000,2200041275.659
201.000,2200041202.698
202.000,2200041144.647
203.000,2200041078.791
204.000,2200041019.173
205.000,2200040961.757
206.000,2200040893.474
207.000,2200040825.173
208.000,2200040764.266
209.000,2200040703.838
210.000,2200040625.423
211.000,2200040571.988
212.000,2200040500.904
213.000,2200040428.471
214.000,2200040356.578
215.000,2200040292.711
216.000,2200040227.761
217.000,2200040154.104
218.000,2200040087.702
219.000,2200040004.194
220.000,2200039936.341
221.000,2200039869.189
222.000,2200039782.896
223.000,2200039723.150
224.000,2200039644.831
225.000,2200039565.440
226.000,2200039486.491
227.000,2200039414.528
228.000,2200039334.258
229.000,2200039261.272
230.000,2200039170.164
231.000,2200039096.196
232.000,2200039021.413
233.000,2200038937.766
234.000,2200038852.069
235.000,2200038767.368
236.000,2200038680.667
237.000,2200038602.445
238.000,2200038515.062
239.000,2200038435.395
240.000,2200038346.466
241.000,2200038255.654
242.000,2200038165.414
243.000,2200038083.102
244.000,2200037982.693
245.000,2200037898.468
246.000,2200037813.614
247.000,2200037720.142
248.000,2200037624.122
249.000,2200037528.435
250.000,2200037430.569
251.000,2200037342.975
252.000,2200037245.361
253.000,2200037144.698
254.000,2200037045.481
255.000,2200036945.416
256.000,2200036852.836
257.000,2200036750.565
258.000,2200036645.757
259.000,2200036551.087
260.000,2200036445.673
261.000,2200036340.726
262.000,2200036233.216
263.000,2200036134.359
264.000,2200036024.663
265.000,2200035909.921
266.000,2200035796.443
267.000,2200035695.143
268.000,2200035582.436
269.000,2200035478.998
270.000,2200035365.080
271.000,2200035239.493
272.000,2200035134.757
273.000,2200035016.423
274.000,2200034899.796
275.000,2200034780.300
276.000,2200034659.271
277.000,2200034548.937
278.000,2200034418.945
279.000,2200034296.076
280.000,2200034179.060
281.000,2200034055.939
282.000,2200033929.226
283.000,2200033800.845
284.000,2200033674.654
285.000,2200033544.041
286.000,2200033425.569
287.000,2200033295.286
288.000,2200033152.995
289.000,2200033018.698
290.000,2200032885.879
291.000,2200032758.112
292.000,2200032619.344
293.000,2200032483.921
294.000,2200032342.479
295.000,2200032196.512
296.000,2200032065.844
297.000,2200031922.377
298.000,2200031777.718
299.000,2200031634.537
300.000,2200031487.334
301.000,2200031338.366
302.000,2200031192.709
303.000,2200031044.882
304.000,2200030892.057
305.000,2200030739.775
306.000,2200030588.367
307.000,2200030432.427
308.000,2200030279.210
309.000,2200030120.721
310.000,2200029964.435
311.000,2200029794.069
312.000,2200029645.260
313.000,2200029480.878
314.000,2200029321.348
315.000,2200029146.157
316.000,2200028987.009
317.000,2200028821.574
318.000,2200028657.031
319.000,2200028490.910
320.000,2200028308.706
321.000,2200028133.949
322.000,2200027963.264
323.000,2200027786.102
324.000,2200027612.832
325.000,2200027439.317
326.000,2200027257.342
327.000,2200027073.931
328.000,2200026896.088
329.000,2200026701.140
330.000,2200026521.333
331.000,2200026337.550
332.000,2200026148.788
333.000,2200025956.876
334.000,2200025769.647
335.000,2200025582.465
336.000,2200025377.658
337.000,2200025182.107
338.000,2200024990.164
339.000,2200024796.783
340.000,2200024595.955
341.000,2200024392.502
342.000,2200024195.761
343.000,2200023981.228
344.000,2200023780.524
345.000,2200023570.907
346.000,2200023362.472
347.000,2200023156.958
348.000,2200022944.944
349.000,2200022736.982
350.000,2200022521.296
351.000,2200022303.630
352.000,2200022085.161
353.000,2200021872.288
354.000,2200021649.180
355.000,2200021427.003
356.000,2200021201.646
357.000,2200020992.070
358.000,2200020758.158
359.000,2200020543.538
360.000,2200020307.135
361.000,2200020081.920
362.000,2200019842.378
363.000,2200019615.104
364.000,2200019388.420
365.000,2200019152.124
366.000,2200018904.423
367.000,2200018682.820
368.000,2200018439.711
369.000,2200018190.902
370.000,2200017953.912
371.000,2200017709.306
372.000,2200017478.806
373.000,2200017214.840
374.000,2200016982.536
375.000,2200016724.506
376.000,2200016480.775
377.000,2200016227.862
378.000,2200015983.154
379.000,2200015720.639
380.000,2200015471.273
381.000,2200015220.999
382.000,2200014954.130
383.000,2200014696.879
384.000,2200014435.139
385.000,2200014179.820
386.000,2200013923.348
387.000,2200013653.943
388.000,2200013398.020
389.000,2200013130.110
390.000,2200012852.827
391.000,2200012582.572
392.000,2200012329.963
393.000,2200012058.988
394.000,2200011788.674
395.000,2200011518.588
396.000,2200011233.662
397.000,2200010955.707
398.000,2200010688.619
399.000,2200010414.851
400.000,2200010143.975
401.000,2200009872.209
402.000,2200009587.490
403.000,2200009307.103
404.000,2200009022.421
405.000,2200008749.367
406.000,2200008459.185
407.000,2200008182.104
408.000,2200007900.989
409.000,2200007625.615
410.000,2200007331.586
411.000,2200007052.571
412.000,2200006768.354
413.000,2200006476.528
414.000,2200006191.452
415.000,2200005894.511
416.000,2200005608.723
417.000,2200005325.552
418.000,2200005045.161
419.000,2200004742.522
420.000,2200004461.483
421.000,2200004161.224
422.000,2200003885.019
423.000,2200003581.239
424.000,2200003298.162
425.000,2200002993.901
426.000,2200002709.611
427.000,2200002408.169
428.000,2200002123.373
429.000,2200001833.648
430.000,2200001549.061
431.000,2200001250.102
432.000,2200000952.656
433.000,2200000658.716
434.000,2200000374.244
435.000,2200000070.518
436.000,2199999780.414
437.000,2199999491.993
438.000,2199999201.771
439.000,2199998903.800
440.000,2199998610.098
441.000,2199998320.800
442.000,2199998017.497
443.000,2199997733.569
444.000,2199997430.865
445.000,2199997141.940
446.000,2199996849.815
447.000,2199996562.525
448.000,2199996275.100
449.000,2199995987.052
450.000,2199995687.967
451.000,2199995387.369
452.000,2199995114.670
453.000,2199994815.240
454.000,2199994534.420
455.000,2199994249.889
456.000,2199993947.734
457.000,2199993664.584
458.000,2199993385.360
459.000,2199993098.966
460.000,2199992817.707
461.000,2199992540.437
462.000,2199992246.642
463.000,2199991962.458
464.000,2199991684.256
465.000,2199991405.667
466.000,2199991118.315
467.000,2199990841.749
468.000,2199990551.797
469.000,2199990269.274
470.000,2199989998.801
471.000,2199989726.179
472.000,2199989453.577
473.000,2199989186.170
474.000,2199988912.367
475.000,2199988632.136
476.000,2199988359.833
477.000,2199988092.305
478.000,2199987811.923
479.000,2199987546.257
480.000,2199987278.481
481.000,2199987022.434
482.000,2199986738.533
483.000,2199986480.756
484.000,2199986220.742
485.000,2199985955.393
486.000,2199985682.774
487.000,2199985433.932
488.000,2199985174.437
489.000,2199984913.500
490.000,2199984652.894
491.000,2199984397.175
492.000,2199984147.064
493.000,2199983897.617
494.000,2199983652.798
495.000,2199983392.565
496.000,2199983143.255
497.000,2199982899.274
498.000,2199982656.590
499.000,2199982400.372
500.000,2199982155.640
501.000,2199981917.238
502.000,2199981679.432
503.000,2199981447.821
504.000,2199981208.746
505.000,2199980975.338
506.000,2199980743.274
507.000,2199980492.902
508.000,2199980263.894
509.000,2199980039.934
510.000,2199979793.941
511.000,2199979573.091
512.000,2199979347.457
513.000,2199979122.353
514.000,2199978901.090
515.000,2199978681.714
516.000,2199978458.640
517.000,2199978244.925
518.000,2199978009.582
519.000,2199977795.486
520.000,2199977587.254
521.000,2199977375.954
522.000,2199977161.722
523.000,2199976952.914
524.000,2199976729.573
525.000,2199976524.950
526.000,2199976320.634
527.000,2199976121.115
528.000,2199975915.104
529.000,2199975699.847
530.000,2199975500.850
531.000,2199975303.819
532.000,2199975107.604
533.000,2199974907.752
534.000,2199974719.193
535.000,2199974512.128
536.000,2199974321.887
537.000,2199974147.222
538.000,2199973944.574
539.000,2199973758.079
540.000,2199973568.716
541.000,2199973374.493
542.000,2199973207.383
543.000,2199973021.944
544.000,2199972826.821
545.000,2199972653.400
546.000,2199972471.923
547.000,2199972296.394
548.000,2199972111.532
549.000,2199971938.633
550.000,2199971777.796
551.000,2199971592.157
552.000,2199971428.219
553.000,2199971255.760
554.000,2199971089.691
555.000,2199970909.338
556.000,2199970760.910
557.000,2199970598.521
558.000,2199970422.130
559.000,2199970267.118
560.000,2199970103.659
561.000,2199969951.203
562.000,2199969795.076
563.000,2199969640.313
564.000,2199969486.800
565.000,2199969314.422
566.000,2199969168.201
567.000,2199969017.973
568.000,2199968869.542
569.000,2199968721.946
570.000,2199968575.831
571.000,2199968430.531
572.000,2199968286.690
573.000,2199968149.116
574.000,2199967987.342
575.000,2199967847.197
576.000,2199967712.268
577.000,2199967574.707
578.000,2199967437.830
579.000,2199967302.084
580.000,2199967167.021
581.000,2199967032.955
582.000,2199966900.671
583.000,2199966769.665
584.000,2199966624.590
585.000,2199966509.821
586.000,2199966381.719
587.000,2199966244.542
588.000,2199966133.436
589.000,2199966008.642
590.000,2199965869.695
591.000,2199965746.980
592.000,2199965639.964
593.000,2199965504.907
594.000,2199965389.276
595.000,2199965270.465
596.000,2199965147.868
597.000,2199965035.731
598.000,2199964905.901
599.000,2199964790.222
600.000,2199964677.036
601.000,2199964578.815
602.000,2199964466.764
603.000,2199964345.818
604.000,2199964250.240
605.000,2199964141.065
606.000,2199964017.908
607.000,2199963915.350
608.000,2199963804.793
609.000,2199963703.981
610.000,2199963599.190
611.000,2199963495.212
612.000,2199963392.240
613.000,2199963290.866
614.000,2199963174.996
615.000,2199963079.359
616.000,2199962979.683
617.000,2199962896.324
618.000,2199962783.747
619.000,2199962686.606
620.000,2199962594.978
621.000,2199962514.907
622.000,2199962405.592
623.000,2199962313.972
624.000,2199962219.325
625.000,2199962129.212
626.000,2199962055.421
627.000,2199961948.879
628.000,2199961859.803
629.000,2199961772.682
630.000,2199961685.036
631.000,2199961600.579
632.000,2199961513.232
633.000,2199961429.059
634.000,2199961346.713
635.000,2199961261.526
636.000,2199961179.365
637.000,2199961094.307
638.000,2199961013.559
639.000,2199960934.741
640.000,2199960852.903
641.000,2199960758.849
642.000,2199960696.177
643.000,2199960617.547
644.000,2199960525.397
645.000,2199960463.458
646.000,2199960376.357
647.000,2199960314.327
648.000,2199960223.576
649.000,2199960148.838
650.000,2199960078.168
651.000,2199960004.627
652.000,2199959931.679
653.000,2199959860.359
654.000,2199959804.899
655.000,2199959719.855
656.000,2199959651.728
657.000,2199959582.678
658.000,2199959514.206
659.000,2199959446.774
660.000,2199959380.884
661.000,2199959311.589
662.000,2199959260.495
663.000,2199959181.008
664.000,2199959114.816
665.000,2199959066.817
666.000,2199958986.486
667.000,2199958924.331
668.000,2199958860.238
669.000,2199958811.089
670.000,2199958736.876
671.000,2199958676.741
672.000,2199958617.095
673.000,2199958555.486
674.000,2199958496.809
675.000,2199958436.973
676.000,2199958378.441
677.000,2199958321.184
678.000,2199958275.355
679.000,2199958203.929
680.000,2199958163.118
681.000,2199958092.621
682.000,2199958037.632
683.000,2199957996.393
684.000,2199957941.536
685.000,2199957874.588
686.000,2199957817.119
687.000,2199957766.068
688.000,2199957713.652
689.000,2199957674.855
690.000,2199957623.258
691.000,2199957556.453
692.000,2199957521.284
693.000,2199957455.284
694.000,2199957418.429
695.000,2199957370.606
696.000,2199957318.942
697.000,2199957270.714
698.000,2199957221.635
699.000,2199957173.542
700.000,2199957112.812
701.000,2199957079.413
702.000,2199957032.376
703.000,2199956983.298
704.000,2199956925.057
705.000,2199956892.985
706.000,2199956847.403
707.000,2199956803.102
708.000,2199956758.250
709.000,2199956713.636
710.000,2199956671.403
711.000,2199956625.023
712.000,2199956583.908
713.000,2199956554.378
714.000,2199956498.684
715.000,2199956454.659
716.000,2199956414.295
717.000,2199956372.367
718.000,2199956344.299
719.000,2199956290.281
720.000,2199956251.224
721.000,2199956212.902
722.000,2199956184.592
723.000,2199956144.319
724.000,2199956105.484
725.000,2199956069.264
726.000,2199956028.517
727.000,2199955978.005
728.000,2199955952.717
729.000,2199955915.267
730.000,2199955880.443
731.000,2199955841.123
732.000,2199955806.835
733.000,2199955768.011
734.000,2199955732.932
735.000,2199955699.512
736.000,2199955661.434
737.000,2199955628.482
738.000,2199955590.993
739.000,2199955571.828
740.000,2199955525.005
741.000,2199955490.633
742.000,2199955468.691
743.000,2199955423.701
744.000,2199955392.457
745.000,2199955357.767
746.000,2199955339.066
747.000,2199955303.721
748.000,2199955274.488
749.000,2199955243.078
750.000,2199955213.231
751.000,2199955182.268
752.000,2199955147.998
753.000,2199955119.835
754.000,2199955086.041
755.000,2199955058.354
756.000,2199955027.339
757.000,2199954997.668
758.000,2199954968.205
759.000,2199954953.326
760.000,2199954923.010
761.000,2199954882.397
762.000,2199954867.918
763.000,2199954839.492
764.000,2199954811.211
765.000,2199954783.128
766.000,2199954756.574
767.000,2199954726.306
768.000,2199954701.344
769.000,2199954673.902
770.000,2199954658.478
771.000,2199954633.941
772.000,2199954607.132
773.000,2199954580.498
774.000,2199954556.437
775.000,2199954527.814
776.000,2199954506.493
777.000,2199954480.606
778.000,2199954454.830
779.000,2199954430.422
780.000,2199954416.475
781.000,2199954381.492
782.000,2199954369.155
783.000,2199954335.072
784.000,2199954310.388
785.000,2199954297.696
786.000,2199954273.796
787.000,2199954251.893
788.000,2199954228.299
789.000,2199954207.368
790.000,2199954183.952
791.000,2199954162.765
792.000,2199954139.704
793.000,2199954117.467
794.000,2199954097.208
795.000,2199954074.639
796.000,2199954054.722
797.000,2199954043.498
798.000,2199954021.454
799.000,2199953991.209
800.000,2199953971.838
801.000,2199953961.209
802.000,2199953939.570
803.000,2199953921.208
804.000,2199953899.696
805.000,2199953881.026
806.000,2199953873.884
807.000,2199953842.547
808.000,2199953835.754
809.000,2199953814.979
810.000,2199953783.998
811.000,2199953766.500
812.000,2199953759.615
813.000,2199953740.461
814.000,2199953734.402
815.000,2199953714.241
816.000,2199953687.144
817.000,2199953667.943
818.000,2199953651.232
819.000,2199953632.393
820.000,2199953624.172
821.000,2199953607.983
822.000,2199953592.012
823.000,2199953576.219
824.000,2199953568.478
825.000,2199953552.875
826.000,2199953524.310
827.000,2199953508.782
828.000,2199953493.649
829.000,2199953476.275
830.000,2199953471.811
831.000,2199953456.807
832.000,2199953439.784
833.000,2199953425.378
834.000,2199953410.505
835.000,2199953393.915
836.000,2199953390.081
837.000,2199953376.029
838.000,2199953351.171
839.000,2199953345.259
840.000,2199953321.283
841.000,2199953317.882
842.000,2199953302.073
843.000,2199953288.482
844.000,2199953275.212
845.000,2199953259.497
846.000,2199953256.835
847.000,2199953233.381
848.000,2199953220.620
849.000,2199953218.138
850.000,2199953202.993
851.000,2199953190.521
852.000,2199953177.972
853.000,2199953175.901
854.000,2199953150.902
855.000,2199953148.995
856.000,2199953126.916
857.000,2199953114.786
858.000,2199953113.327
859.000,2199953101.509
860.000,2199953087.441
861.000,2199953075.912
862.000,2199953064.479
863.000,2199953063.330
864.000,2199953051.912
865.000,2199953028.412
866.000,2199953017.186
867.000,2199953016.370
868.000,2199953005.513
869.000,2199952994.719
870.000,2199952981.628
871.000,2199952973.323
872.000,2199952970.629
873.000,2199952962.606
