Time(s),Frequency(Hz)
0.000,2200016965.178
1.000,2200016880.589
2.000,2200016780.405
3.000,2200016685.756
4.000,2200016600.318
5.000,2200016505.292
6.000,2200016412.484
7.000,2200016326.226
8.000,2200016234.726
9.000,2200016129.180
10.000,2200016042.812
11.000,2200015946.636
12.000,2200015840.755
13.000,2200015756.156
14.000,2200015649.588
15.000,2200015564.787
16.000,2200015467.381
17.000,2200015372.536
18.000,2200015273.543
19.000,2200015178.201
20.000,2200015089.937
21.000,2200014991.743
22.000,2200014887.230
23.000,2200014787.787
24.000,2200014701.465
25.000,2200014589.738
26.000,2200014505.207
27.000,2200014395.613
28.000,2200014295.393
29.000,2200014208.234
30.000,2200014107.541
31.000,2200014007.173
32.000,2200013906.245
33.000,2200013817.470
34.000,2200013708.987
35.000,2200013619.901
36.000,2200013508.725
37.000,2200013409.263
38.000,2200013317.481
39.000,2200013217.815
40.000,2200013115.627
41.000,2200013015.051
42.000,2200012912.522
43.000,2200012819.814
44.000,2200012708.633
45.000,2200012615.724
46.000,2200012504.891
47.000,2200012413.381
48.000,2200012312.376
49.000,2200012207.995
50.000,2200012103.450
51.000,2200012001.172
52.000,2200011896.522
53.000,2200011804.493
54.000,2200011701.308
55.000,2200011589.206
56.000,2200011491.816
57.000,2200011378.043
58.000,2200011274.703
59.000,2200011181.577
60.000,2200011074.596
61.000,2200010971.793
62.000,2200010867.550
63.000,2200010773.356
64.000,2200010656.225
65.000,2200010551.883
66.000,2200010454.850
67.000,2200010339.694
68.000,2200010245.353
69.000,2200010127.026
70.000,2200010031.593
71.000,2200009926.206
72.000,2200009820.685
73.000,2200009722.301
74.000,2200009606.156
75.000,2200009500.416
76.000,2200009390.865
77.000,2200009284.771
78.000,2200009188.369
79.000,2200009081.633
80.000,2200008972.137
81.000,2200008864.827
82.000,2200008754.999
83.000,2200008657.705
84.000,2200008540.022
85.000,2200008442.672
86.000,2200008334.942
87.000,2200008224.183
88.000,2200008115.987
89.000,2200008008.064
90.000,2200007909.808
91.000,2200007791.122
92.000,2200007682.491
93.000,2200007570.883
94.000,2200007461.960
95.000,2200007350.123
96.000,2200007254.259
97.000,2200007144.820
98.000,2200007035.578
99.000,2200006923.096
100.000,2200006813.434
101.000,2200006703.645
102.000,2200006593.659
103.000,2200006480.957
104.000,2200006373.492
105.000,2200006270.842
106.000,2200006163.348
107.000,2200006052.824
108.000,2200005942.213
109.000,2200005839.059
110.000,2200005717.898
111.000,2200005606.847
112.000,2200005506.390
113.000,2200005395.050
114.000,2200005283.933
115.000,2200005172.552
116.000,2200005061.095
117.000,2200004949.613
118.000,2200004837.775
119.000,2200004723.257
120.000,2200004614.362
121.000,2200004499.508
122.000,2200004400.953
123.000,2200004288.884
124.000,2200004173.777
125.000,2200004074.760
126.000,2200003949.099
127.000,2200003846.954
128.000,2200003737.618
129.000,2200003614.416
130.000,2200003512.463
131.000,2200003389.148
132.000,2200003286.552
133.000,2200003173.993
134.000,2200003060.988
135.000,2200002958.379
136.000,2200002834.774
137.000,2200002732.258
138.000,2200002618.665
139.000,2200002505.278
140.000,2200002394.943
141.000,2200002281.908
142.000,2200002168.472
143.000,2200002054.916
144.000,2200001955.010
145.000,2200001827.769
146.000,2200001724.724
147.000,2200001600.526
148.000,2200001489.449
149.000,2200001386.383
150.000,2200001275.744
151.000,2200001158.913
152.000,2200001047.830
153.000,2200000933.612
154.000,2200000830.431
155.000,2200000716.153
156.000,2200000602.373
157.000,2200000489.652
158.000,2200000375.830
159.000,2200000261.548
160.000,2200000150.429
161.000,2200000036.143
162.000,2199999932.439
163.000,2199999818.596
164.000,2199999705.883
165.000,2199999591.191
166.000,2199999478.919
167.000,2199999366.246
168.000,2199999264.180
169.000,2199999149.505
170.000,2199999026.277
171.000,2199998922.636
172.000,2199998799.029
173.000,2199998695.419
174.000,2199998582.448
175.000,2199998479.271
176.000,2199998355.750
177.000,2199998253.440
178.000,2199998128.359
179.000,2199998015.509
180.000,2199997913.296
181.000,2199997790.698
182.000,2199997686.905
183.000,2199997574.194
184.000,2199997459.866
185.000,2199997348.898
186.000,2199997245.215
187.000,2199997134.337
188.000,2199997020.158
189.000,2199996907.691
190.000,2199996793.611
191.000,2199996681.235
192.000,2199996570.584
193.000,2199996468.840
194.000,2199996343.716
195.000,2199996231.523
196.000,2199996129.969
197.000,2199996017.218
198.000,2199995905.215
199.000,2199995793.292
200.000,2199995681.357
201.000,2199995578.447
202.000,2199995457.765
203.000,2199995355.973
204.000,2199995233.800
205.000,2199995130.428
206.000,2199995018.956
207.000,2199994919.047
208.000,2199994796.595
209.000,2199994685.248
210.000,2199994574.070
211.000,2199994471.123
212.000,2199994361.767
213.000,2199994250.173
214.000,2199994138.625
215.000,2199994027.283
216.000,2199993928.674
217.000,2199993807.565
218.000,2199993704.589
219.000,2199993584.767
220.000,2199993484.848
221.000,2199993363.454
222.000,2199993263.791
223.000,2199993154.738
224.000,2199993044.242
225.000,2199992933.701
226.000,2199992825.047
227.000,2199992713.023
228.000,2199992604.579
229.000,2199992506.718
230.000,2199992397.161
231.000,2199992286.872
232.000,2199992178.802
233.000,2199992069.150
234.000,2199991971.757
235.000,2199991860.068
236.000,2199991742.669
237.000,2199991632.858
238.000,2199991525.653
239.000,2199991426.930
240.000,2199991319.894
241.000,2199991211.156
242.000,2199991102.070
243.000,2199990995.405
244.000,2199990899.006
245.000,2199990780.104
246.000,2199990683.942
247.000,2199990576.001
248.000,2199990469.464
249.000,2199990361.715
250.000,2199990263.958
251.000,2199990149.672
252.000,2199990052.318
253.000,2199989936.462
254.000,2199989829.516
255.000,2199989733.721
256.000,2199989629.482
257.000,2199989521.607
258.000,2199989414.588
259.000,2199989310.512
260.000,2199989205.500
261.000,2199989100.209
262.000,2199989006.511
263.000,2199988900.291
264.000,2199988796.028
265.000,2199988692.625
266.000,2199988586.932
267.000,2199988484.761
268.000,2199988388.932
269.000,2199988275.874
270.000,2199988180.840
271.000,2199988069.345
272.000,2199987964.496
273.000,2199987871.813
274.000,2199987768.295
275.000,2199987655.848
276.000,2199987563.956
277.000,2199987461.813
278.000,2199987369.793
279.000,2199987257.261
280.000,2199987154.255
281.000,2199987052.573
282.000,2199986962.662
283.000,2199986851.213
284.000,2199986760.232
285.000,2199986659.319
286.000,2199986558.573
287.000,2199986457.996
288.000,2199986355.153
289.000,2199986256.978
290.000,2199986166.643
291.000,2199986066.957
292.000,2199985967.124
293.000,2199985867.132
294.000,2199985768.188
295.000,2199985680.187
296.000,2199985569.645
297.000,2199985470.175
298.000,2199985373.983
299.000,2199985274.989
300.000,2199985186.502
301.000,2199985089.286
302.000,2199984990.963
303.000,2199984894.225
304.000,2199984796.390
305.000,2199984699.804
306.000,2199984603.382
307.000,2199984506.016
308.000,2199984409.146
309.000,2199984313.392
310.000,2199984217.940
311.000,2199984122.038
312.000,2199984027.084
313.000,2199983940.306
314.000,2199983845.349
315.000,2199983749.766
316.000,2199983655.082
317.000,2199983560.814
318.000,2199983476.218
319.000,2199983372.764
320.000,2199983288.394
321.000,2199983194.811
322.000,2199983101.476
323.000,2199983007.218
