Time(s),Frequency(Hz)
0.000,2200049048.056
1.000,2200049041.200
2.000,2200049048.712
3.000,2200049049.080
4.000,2200049044.175
5.000,2200049032.948
6.000,2200049042.826
7.000,2200049040.498
8.000,2200049035.863
9.000,2200049043.582
10.000,2200049036.797
11.000,2200049048.786
12.000,2200049039.840
13.000,2200049034.996
14.000,2200049030.289
15.000,2200049040.291
16.000,2200049033.344
17.000,2200049026.429
18.000,2200049021.363
19.000,2200049031.648
20.000,2200049022.047
21.000,2200049032.172
22.000,2200049029.699
23.000,2200049022.522
24.000,2200049017.665
25.000,2200049022.981
26.000,2200049018.402
27.000,2200049013.189
28.000,2200049023.245
29.000,2200049018.300
30.000,2200049008.910
31.000,2200049003.921
32.000,2200048998.754
33.000,2200049008.899
34.000,2200048996.776
35.000,2200048994.381
36.000,2200048984.757
37.000,2200048992.162
38.000,2200048987.016
39.000,2200048981.684
40.000,2200048976.784
41.000,2200048986.184
42.000,2200048979.314
43.000,2200048967.175
44.000,2200048961.867
45.000,2200048971.506
46.000,2200048961.863
47.000,2200048956.624
48.000,2200048965.896
49.000,2200048960.749
50.000,2200048950.711
51.000,2200048945.345
52.000,2200048948.179
53.000,2200048945.029
54.000,2200048935.362
55.000,2200048931.169
56.000,2200048936.665
57.000,2200048928.899
58.000,2200048920.858
59.000,2200048915.059
60.000,2200048905.070
61.000,2200048901.646
62.000,2200048906.568
63.000,2200048898.473
64.000,2200048903.203
65.000,2200048882.183
66.000,2200048884.705
67.000,2200048878.592
68.000,2200048874.901
69.000,2200048862.001
70.000,2200048871.246
71.000,2200048863.079
72.000,2200048857.048
73.000,2200048843.994
74.000,2200048833.544
75.000,2200048842.295
76.000,2200048816.528
77.000,2200048825.346
78.000,2200048818.400
79.000,2200048808.053
80.000,2200048797.199
81.000,2200048805.690
82.000,2200048798.842
83.000,2200048788.010
84.000,2200048777.287
85.000,2200048763.541
86.000,2200048774.626
87.000,2200048745.442
88.000,2200048753.743
89.000,2200048742.623
90.000,2200048731.457
91.000,2200048737.070
92.000,2200048713.936
93.000,2200048720.836
94.000,2200048706.599
95.000,2200048701.660
96.000,2200048687.605
97.000,2200048676.048
98.000,2200048687.396
99.000,2200048672.996
100.000,2200048664.121
101.000,2200048652.008
102.000,2200048640.302
103.000,2200048625.802
104.000,2200048613.813
105.000,2200048617.253
106.000,2200048612.339
107.000,2200048600.449
108.000,2200048572.357
109.000,2200048567.610
110.000,2200048560.698
111.000,2200048558.060
112.000,2200048542.891
113.000,2200048545.810
114.000,2200048517.679
115.000,2200048527.304
116.000,2200048507.602
117.000,2200048498.994
118.000,2200048485.945
119.000,2200048488.434
120.000,2200048459.605
121.000,2200048462.097
122.000,2200048448.420
123.000,2200048435.273
124.000,2200048418.784
125.000,2200048396.550
126.000,2200048394.216
127.000,2200048368.940
128.000,2200048370.840
129.000,2200048356.498
130.000,2200048342.679
131.000,2200048343.862
132.000,2200048313.975
133.000,2200048299.546
134.000,2200048304.790
135.000,2200048283.469
136.000,2200048268.579
137.000,2200048257.992
138.000,2200048238.786
139.000,2200048224.034
140.000,2200048215.247
141.000,2200048197.247
142.000,2200048181.813
143.000,2200048166.105
144.000,2200048148.050
145.000,2200048131.944
146.000,2200048122.721
147.000,2200048106.494
148.000,2200048083.959
149.000,2200048083.531
150.000,2200048057.507
151.000,2200048050.703
152.000,2200048033.701
153.000,2200048020.659
154.000,2200048003.503
155.000,2200047980.220
156.000,2200047962.963
157.000,2200047948.916
158.000,2200047931.494
159.000,2200047913.449
160.000,2200047895.880
161.000,2200047877.531
162.000,2200047859.492
163.000,2200047841.138
164.000,2200047819.869
165.000,2200047801.189
166.000,2200047782.186
167.000,2200047769.287
168.000,2200047741.213
169.000,2200047722.006
170.000,2200047702.468
171.000,2200047682.744
172.000,2200047678.909
173.000,2200047658.679
174.000,2200047622.638
175.000,2200047599.080
176.000,2200047578.734
177.000,2200047557.728
178.000,2200047533.882
179.000,2200047512.627
180.000,2200047491.012
181.000,2200047466.856
182.000,2200047447.472
183.000,2200047422.886
184.000,2200047400.426
185.000,2200047377.900
186.000,2200047371.333
187.000,2200047326.980
188.000,2200047306.305
189.000,2200047282.559
190.000,2200047259.195
191.000,2200047229.903
192.000,2200047205.933
193.000,2200047162.488
194.000,2200047137.860
195.000,2200047118.073
196.000,2200047101.098
197.000,2200047064.621
198.000,2200047033.774
199.000,2200047007.992
200.000,2200046998.088
201.000,2200046952.446
202.000,2200046925.684
203.000,2200046898.480
204.000,2200046871.460
205.000,2200046843.521
206.000,2200046812.871
207.000,2200046780.120
208.000,2200046748.738
209.000,2200046703.565
210.000,2200046693.540
211.000,2200046661.520
212.000,2200046627.101
213.000,2200046580.963
214.000,2200046547.507
215.000,2200046533.183
216.000,2200046486.986
217.000,2200046455.367
218.000,2200046419.737
219.000,2200046387.290
220.000,2200046355.104
221.000,2200046318.075
222.000,2200046265.486
223.000,2200046249.367
224.000,2200046197.926
225.000,2200046160.785
226.000,2200046146.017
227.000,2200046090.865
228.000,2200046071.492
229.000,2200046015.467
230.000,2200045979.813
231.000,2200045942.987
232.000,2200045902.930
233.000,2200045861.389
234.000,2200045823.606
235.000,2200045781.779
236.000,2200045722.956
237.000,2200045683.520
238.000,2200045643.962
239.000,2200045603.229
240.000,2200045542.642
241.000,2200045501.583
242.000,2200045456.423
243.000,2200045414.205
244.000,2200045368.254
245.000,2200045324.893
246.000,2200045280.998
247.000,2200045213.861
248.000,2200045172.121
249.000,2200045120.438
250.000,2200045074.697
251.000,2200045027.925
252.000,2200044980.730
253.000,2200044927.286
254.000,2200044878.957
255.000,2200044810.488
256.000,2200044763.651
257.000,2200044710.777
258.000,2200044656.792
259.000,2200044605.350
260.000,2200044547.909
261.000,2200044481.549
262.000,2200044441.998
263.000,2200044368.760
264.000,2200044311.340
265.000,2200044255.646
266.000,2200044182.983
267.000,2200044126.164
268.000,2200044068.615
269.000,2200044005.559
270.000,2200043937.897
271.000,2200043873.624
272.000,2200043804.468
273.000,2200043740.292
274.000,2200043669.861
275.000,2200043605.438
276.000,2200043541.804
277.000,2200043465.722
278.000,2200043400.719
279.000,2200043321.435
280.000,2200043254.752
281.000,2200043178.332
282.000,2200043106.475
283.000,2200043036.792
284.000,2200042956.592
285.000,2200042883.309
286.000,2200042801.181
287.000,2200042728.077
288.000,2200042644.322
289.000,2200042557.500
290.000,2200042481.173
291.000,2200042400.710
292.000,2200042313.490
293.000,2200042225.399
294.000,2200042142.125
295.000,2200042057.312
296.000,2200041965.930
297.000,2200041873.549
298.000,2200041788.765
299.000,2200041691.470
300.000,2200041600.935
301.000,2200041507.683
302.000,2200041414.808
303.000,2200041316.024
304.000,2200041212.500
305.000,2200041119.353
306.000,2200041013.865
307.000,2200040917.908
308.000,2200040818.547
309.000,2200040711.633
310.000,2200040601.247
311.000,2200040500.364
312.000,2200040389.698
313.000,2200040286.006
314.000,2200040170.065
315.000,2200040052.331
316.000,2200039938.823
317.000,2200039827.568
318.000,2200039708.136
319.000,2200039585.369
320.000,2200039471.420
321.000,2200039347.369
322.000,2200039228.818
323.000,2200039101.470
324.000,2200038969.920
325.000,2200038846.259
326.000,2200038712.528
327.000,2200038577.416
328.000,2200038450.298
329.000,2200038315.202
330.000,2200038181.145
331.000,2200038042.829
332.000,2200037897.007
333.000,2200037754.936
334.000,2200037605.593
335.000,2200037465.787
336.000,2200037315.889
337.000,2200037163.045
338.000,2200037017.691
339.000,2200036861.079
340.000,2200036703.316
341.000,2200036546.289
342.000,2200036378.078
343.000,2200036222.076
344.000,2200036058.856
345.000,2200035895.813
346.000,2200035724.920
347.000,2200035552.546
348.000,2200035389.285
349.000,2200035200.187
350.000,2200035029.318
351.000,2200034842.930
352.000,2200034667.174
353.000,2200034477.126
354.000,2200034297.459
355.000,2200034105.871
356.000,2200033913.114
357.000,2200033716.739
358.000,2200033525.750
359.000,2200033314.780
360.000,2200033110.486
361.000,2200032916.942
362.000,2200032707.556
363.000,2200032492.493
364.000,2200032279.804
365.000,2200032075.663
366.000,2200031855.789
367.000,2200031634.962
368.000,2200031406.573
369.000,2200031177.888
370.000,2200030949.308
371.000,2200030715.184
372.000,2200030482.899
373.000,2200030241.121
374.000,2200030008.783
375.000,2200029763.188
376.000,2200029509.461
377.000,2200029265.529
378.000,2200029007.507
379.000,2200028753.016
380.000,2200028501.691
381.000,2200028231.307
382.000,2200027964.220
383.000,2200027700.500
384.000,2200027431.573
385.000,2200027151.322
386.000,2200026875.857
387.000,2200026592.476
388.000,2200026313.470
389.000,2200026013.318
390.000,2200025727.791
391.000,2200025436.702
392.000,2200025144.422
393.000,2200024839.310
394.000,2200024540.524
395.000,2200024233.350
396.000,2200023920.788
397.000,2200023597.046
398.000,2200023290.820
399.000,2200022973.805
400.000,2200022656.655
401.000,2200022315.261
402.000,2200021991.563
403.000,2200021657.744
404.000,2200021319.454
405.000,2200020979.438
406.000,2200020640.061
407.000,2200020297.896
408.000,2200019935.562
409.000,2200019586.936
410.000,2200019238.128
411.000,2200018872.901
412.000,2200018518.032
413.000,2200018139.748
414.000,2200017785.362
415.000,2200017410.473
416.000,2200017027.024
417.000,2200016656.841
418.000,2200016277.183
419.000,2200015898.900
420.000,2200015508.783
421.000,2200015110.725
422.000,2200014726.477
423.000,2200014336.948
424.000,2200013929.433
425.000,2200013531.476
426.000,2200013134.315
427.000,2200012716.108
428.000,2200012314.067
429.000,2200011909.419
430.000,2200011492.670
431.000,2200011077.667
432.000,2200010656.258
433.000,2200010242.966
434.000,2200009829.843
435.000,2200009410.346
436.000,2200008967.289
437.000,2200008542.946
438.000,2200008120.164
439.000,2200007698.095
440.000,2200007256.396
441.000,2200006831.019
442.000,2200006383.276
443.000,2200005955.141
444.000,2200005523.779
445.000,2200005072.081
446.000,2200004626.507
447.000,2200004206.150
448.000,2200003756.257
449.000,2200003307.819
450.000,2200002865.814
451.000,2200002428.341
452.000,2200001975.612
453.000,2200001534.510
454.000,2200001095.779
455.000,2200000641.797
456.000,2200000200.350
457.000,2199999747.909
458.000,2199999307.067
459.000,2199998870.017
460.000,2199998411.829
461.000,2199997959.946
462.000,2199997522.016
463.000,2199997080.897
464.000,2199996645.990
465.000,2199996190.638
466.000,2199995759.385
467.000,2199995323.267
468.000,2199994868.935
469.000,2199994438.685
470.000,2199993991.880
471.000,2199993560.461
472.000,2199993116.221
473.000,2199992686.240
474.000,2199992265.954
475.000,2199991837.848
476.000,2199991417.634
477.000,2199990978.116
478.000,2199990540.357
479.000,2199990124.361
480.000,2199989711.552
481.000,2199989279.958
482.000,2199988886.994
483.000,2199988463.726
484.000,2199988055.820
485.000,2199987633.241
486.000,2199987233.934
487.000,2199986835.747
488.000,2199986440.143
489.000,2199986028.777
490.000,2199985636.206
491.000,2199985229.125
492.000,2199984844.132
493.000,2199984462.990
494.000,2199984065.108
495.000,2199983686.753
496.000,2199983314.000
497.000,2199982941.561
498.000,2199982554.668
499.000,2199982188.364
500.000,2199981827.563
501.000,2199981451.236
502.000,2199981094.296
503.000,2199980723.607
504.000,2199980373.507
505.000,2199980026.853
506.000,2199979684.488
507.000,2199979325.811
508.000,2199978988.454
509.000,2199978654.684
510.000,2199978324.390
511.000,2199977978.729
512.000,2199977655.416
513.000,2199977316.281
514.000,2199976998.296
515.000,2199976684.156
516.000,2199976354.905
517.000,2199976047.638
518.000,2199975742.091
519.000,2199975441.560
520.000,2199975125.398
521.000,2199974830.739
522.000,2199974538.842
523.000,2199974232.736
524.000,2199973947.535
525.000,2199973683.469
526.000,2199973386.699
527.000,2199973111.141
528.000,2199972820.884
529.000,2199972551.430
530.000,2199972285.472
531.000,2199972022.085
532.000,2199971744.420
533.000,2199971487.717
534.000,2199971216.217
535.000,2199970983.548
536.000,2199970717.501
537.000,2199970472.896
538.000,2199970213.538
539.000,2199969991.927
540.000,2199969756.265
541.000,2199969523.518
542.000,2199969275.717
543.000,2199969048.727
544.000,2199968823.460
545.000,2199968584.372
546.000,2199968365.756
547.000,2199968132.276
548.000,2199967935.357
549.000,2199967707.514
550.000,2199967499.812
551.000,2199967294.729
552.000,2199967092.025
553.000,2199966874.473
554.000,2199966675.712
555.000,2199966480.902
556.000,2199966271.068
557.000,2199966081.310
558.000,2199965891.809
559.000,2199965708.698
560.000,2199965526.127
561.000,2199965344.706
562.000,2199965166.324
563.000,2199964973.899
564.000,2199964800.141
565.000,2199964610.304
566.000,2199964458.392
567.000,2199964276.496
568.000,2199964110.069
569.000,2199963947.737
570.000,2199963787.655
571.000,2199963612.344
572.000,2199963470.619
573.000,2199963301.757
574.000,2199963150.494
575.000,2199962980.300
576.000,2199962852.575
577.000,2199962688.661
578.000,2199962541.964
579.000,2199962403.044
580.000,2199962261.820
581.000,2199962104.313
582.000,2199961967.615
583.000,2199961849.475
584.000,2199961698.454
585.000,2199961566.839
586.000,2199961420.979
587.000,2199961291.920
588.000,2199961166.287
589.000,2199961041.535
590.000,2199960917.221
591.000,2199960795.649
592.000,2199960659.709
593.000,2199960540.171
594.000,2199960423.132
595.000,2199960307.593
596.000,2199960193.576
597.000,2199960080.845
598.000,2199959969.778
599.000,2199959843.384
600.000,2199959735.031
601.000,2199959628.038
602.000,2199959525.739
603.000,2199959419.288
604.000,2199959318.428
605.000,2199959213.457
606.000,2199959099.981
607.000,2199959000.921
608.000,2199958903.031
609.000,2199958790.075
610.000,2199958710.886
611.000,2199958605.113
612.000,2199958508.568
613.000,2199958420.139
614.000,2199958329.417
615.000,2199958238.470
616.000,2199958151.166
617.000,2199958047.601
618.000,2199957980.935
619.000,2199957895.710
620.000,2199957795.258
621.000,2199957712.112
622.000,2199957633.630
623.000,2199957548.462
624.000,2199957452.262
625.000,2199957376.790
626.000,2199957298.562
627.000,2199957220.974
628.000,2199957146.593
629.000,2199957072.332
630.000,2199956997.613
631.000,2199956924.360
632.000,2199956853.434
633.000,2199956781.382
634.000,2199956697.900
635.000,2199956626.146
636.000,2199956573.426
637.000,2199956491.255
638.000,2199956425.366
639.000,2199956358.142
640.000,2199956295.429
641.000,2199956214.181
642.000,2199956151.572
643.000,2199956102.596
644.000,2199956026.036
645.000,2199955980.784
646.000,2199955918.719
647.000,2199955844.304
648.000,2199955783.560
649.000,2199955728.179
650.000,2199955670.328
651.000,2199955613.988
652.000,2199955558.227
653.000,2199955485.753
654.000,2199955431.293
655.000,2199955379.048
656.000,2199955337.032
657.000,2199955270.934
658.000,2199955219.086
659.000,2199955165.261
660.000,2199955116.753
661.000,2199955064.148
662.000,2199954999.589
663.000,2199954950.547
664.000,2199954916.614
665.000,2199954868.091
666.000,2199954805.736
667.000,2199954758.758
668.000,2199954716.476
669.000,2199954668.136
670.000,2199954622.774
671.000,2199954560.619
672.000,2199954533.376
673.000,2199954486.791
674.000,2199954443.360
675.000,2199954385.797
676.000,2199954347.540
677.000,2199954317.525
678.000,2199954263.718
679.000,2199954238.024
680.000,2199954180.171
681.000,2199954157.713
682.000,2199954100.912
683.000,2199954063.921
684.000,2199954025.774
685.000,2199953998.728
686.000,2199953935.583
687.000,2199953911.757
688.000,2199953875.285
689.000,2199953838.155
690.000,2199953804.936
691.000,2199953751.858
692.000,2199953733.427
693.000,2199953697.948
694.000,2199953660.850
695.000,2199953614.651
696.000,2199953593.976
697.000,2199953563.318
698.000,2199953529.388
699.000,2199953482.857
700.000,2199953450.689
701.000,2199953417.584
702.000,2199953385.144
703.000,2199953356.416
704.000,2199953325.432
705.000,2199953310.200
706.000,2199953266.045
707.000,2199953235.038
708.000,2199953207.769
709.000,2199953175.759
710.000,2199953148.044
711.000,2199953118.174
712.000,2199953076.937
713.000,2199953063.865
714.000,2199953037.537
715.000,2199953006.782
716.000,2199952982.122
717.000,2199952957.373
718.000,2199952929.347
719.000,2199952889.074
720.000,2199952877.673
721.000,2199952853.062
722.000,2199952827.957
723.000,2199952801.230
724.000,2199952777.155
725.000,2199952753.032
726.000,2199952716.211
727.000,2199952693.033
728.000,2199952681.609
729.000,2199952646.610
730.000,2199952634.674
731.000,2199952600.064
732.000,2199952592.422
733.000,2199952555.540
734.000,2199952531.026
735.000,2199952523.754
736.000,2199952503.565
737.000,2199952480.810
738.000,2199952449.549
739.000,2199952427.294
740.000,2199952407.817
741.000,2199952388.626
742.000,2199952365.619
743.000,2199952359.723
744.000,2199952337.134
745.000,2199952319.584
746.000,2199952300.335
747.000,2199952269.165
748.000,2199952248.403
749.000,2199952233.549
750.000,2199952213.023
751.000,2199952207.198
752.000,2199952188.657
753.000,2199952158.987
754.000,2199952152.735
755.000,2199952134.850
756.000,2199952108.471
757.000,2199952101.647
758.000,2199952072.658
759.000,2199952067.787
760.000,2199952053.055
761.000,2199952035.760
762.000,2199952004.642
763.000,2199951988.901
764.000,2199951973.394
765.000,2199951958.024
766.000,2199951956.957
767.000,2199951939.022
768.000,2199951914.429
769.000,2199951912.162
770.000,2199951881.940
771.000,2199951867.337
772.000,2199951865.185
773.000,2199951853.834
774.000,2199951838.478
775.000,2199951825.335
776.000,2199951811.506
777.000,2199951797.497
778.000,2199951786.744
779.000,2199951770.004
780.000,2199951755.214
781.000,2199951744.893
782.000,2199951731.332
783.000,2199951718.259
784.000,2199951704.904
785.000,2199951693.475
786.000,2199951682.053
787.000,2199951669.191
788.000,2199951668.435
789.000,2199951643.652
790.000,2199951644.790
791.000,2199951633.639
792.000,2199951621.322
793.000,2199951598.635
794.000,2199951598.315
795.000,2199951575.847
796.000,2199951566.504
797.000,2199951554.744
798.000,2199951554.810
799.000,2199951532.639
800.000,2199951532.928
801.000,2199951522.842
802.000,2199951514.088
803.000,2199951502.812
804.000,2199951494.417
805.000,2199951484.450
806.000,2199951473.695
807.000,2199951475.307
808.000,2199951454.109
809.000,2199951446.217
810.000,2199951448.091
811.000,2199951427.261
812.000,2199951416.524
813.000,2199951407.523
814.000,2199951399.469
815.000,2199951402.004
816.000,2199951394.579
817.000,2199951385.624
818.000,2199951376.827
819.000,2199951357.652
820.000,2199951350.701
821.000,2199951351.599
822.000,2199951331.670
823.000,2199951336.057
824.000,2199951328.809
825.000,2199951320.329
826.000,2199951313.411
827.000,2199951316.521
828.000,2199951298.330
829.000,2199951291.463
830.000,2199951284.865
831.000,2199951287.913
832.000,2199951281.399
833.000,2199951273.213
834.000,2199951254.214
835.000,2199951260.122
836.000,2199951242.879
837.000,2199951247.322
838.000,2199951241.098
839.000,2199951233.289
840.000,2199951228.475
841.000,2199951222.486
842.000,2199951216.240
843.000,2199951210.436
844.000,2199951204.373
845.000,2199951207.468
846.000,2199951190.619
847.000,2199951197.041
848.000,2199951189.987
849.000,2199951186.984
850.000,2199951179.790
851.000,2199951173.881
852.000,2199951180.495
853.000,2199951165.352
854.000,2199951158.095
855.000,2199951155.628
856.000,2199951149.890
857.000,2199951144.588
858.000,2199951149.659
859.000,2199951147.315
860.000,2199951140.228
861.000,2199951136.493
862.000,2199951131.125
863.000,2199951127.042
864.000,2199951123.295
865.000,2199951118.645
866.000,2199951114.955
867.000,2199951121.053
868.000,2199951106.623
869.000,2199951113.679
870.000,2199951099.233
871.000,2199951095.146
872.000,2199951102.561
873.000,2199951098.504
874.000,2199951094.704
875.000,2199951090.490
876.000,2199951086.298
877.000,2199951083.507
878.000,2199951080.842
879.000,2199951076.509
880.000,2199951074.833
881.000,2199951081.005
882.000,2199951076.919
883.000,2199951063.909
884.000,2199951060.721
885.000,2199951068.495
886.000,2199951065.670
887.000,2199951062.724
888.000,2199951060.783
889.000,2199951067.149
890.000,2199951055.215
891.000,2199951062.880
892.000,2199951060.743
893.000,2199951056.614
894.000,2199951055.163
895.000,2199951051.913
896.000,2199951050.388
897.000,2199951048.778
898.000,2199951046.326
899.000,2199951044.185
900.000,2199951042.511
901.000,2199951051.198
902.000,2199951038.418
903.000,2199951047.525
904.000,2199951045.882
905.000,2199951042.933
906.000,2199951041.843
907.000,2199951039.238
908.000,2199951038.372
909.000,2199951047.454
910.000,2199951046.161
911.000,2199951034.118
912.000,2199951042.954
913.000,2199951041.912
914.000,2199951041.310
915.000,2199951039.384
916.000,2199951038.160
917.000,2199951036.344
