Time(s),Frequency(Hz)
0.000,2200042517.427
1.000,2200042498.189
2.000,2200042467.884
3.000,2200042456.656
4.000,2200042430.822
5.000,2200042394.419
6.000,2200042368.514
7.000,2200042347.398
8.000,2200042321.423
9.000,2200042294.629
10.000,2200042268.228
11.000,2200042251.435
12.000,2200042224.597
13.000,2200042203.273
14.000,2200042165.928
15.000,2200042148.953
16.000,2200042131.128
17.000,2200042103.803
18.000,2200042076.163
19.000,2200042053.887
20.000,2200042016.103
21.000,2200041987.313
22.000,2200041975.428
23.000,2200041936.878
24.000,2200041908.770
25.000,2200041883.712
26.000,2200041870.902
27.000,2200041837.683
28.000,2200041798.604
29.000,2200041769.170
30.000,2200041745.600
31.000,2200041726.282
32.000,2200041690.259
33.000,2200041656.191
34.000,2200041626.215
35.000,2200041605.879
36.000,2200041571.555
37.000,2200041540.731
38.000,2200041510.488
39.000,2200041489.302
40.000,2200041447.938
41.000,2200041416.821
42.000,2200041385.536
43.000,2200041356.407
44.000,2200041334.172
45.000,2200041302.765
46.000,2200041260.021
47.000,2200041223.984
48.000,2200041201.409
49.000,2200041168.922
50.000,2200041132.196
51.000,2200041095.115
52.000,2200041066.528
53.000,2200041028.909
54.000,2200040999.030
55.000,2200040961.438
56.000,2200040933.352
57.000,2200040896.137
58.000,2200040867.501
59.000,2200040827.149
60.000,2200040808.312
61.000,2200040753.964
62.000,2200040718.857
63.000,2200040693.370
64.000,2200040654.143
65.000,2200040614.534
66.000,2200040572.731
67.000,2200040552.502
68.000,2200040512.906
69.000,2200040469.852
70.000,2200040429.458
71.000,2200040402.261
72.000,2200040361.461
73.000,2200040320.667
74.000,2200040282.864
75.000,2200040251.400
76.000,2200040203.628
77.000,2200040164.933
78.000,2200040133.248
79.000,2200040088.119
80.000,2200040045.847
81.000,2200040002.754
82.000,2200039963.968
83.000,2200039929.897
84.000,2200039886.760
85.000,2200039846.861
86.000,2200039803.070
87.000,2200039768.486
88.000,2200039727.658
89.000,2200039680.502
90.000,2200039642.074
91.000,2200039590.607
92.000,2200039561.959
93.000,2200039500.009
94.000,2200039470.821
95.000,2200039417.914
96.000,2200039378.956
97.000,2200039332.368
98.000,2200039292.924
99.000,2200039248.296
100.000,2200039191.821
101.000,2200039146.765
102.000,2200039105.805
103.000,2200039049.047
104.000,2200039009.701
105.000,2200038954.826
106.000,2200038919.590
107.000,2200038872.941
108.000,2200038814.466
109.000,2200038774.146
110.000,2200038724.573
111.000,2200038674.066
112.000,2200038624.171
113.000,2200038566.165
114.000,2200038522.083
115.000,2200038470.886
116.000,2200038419.403
117.000,2200038360.869
118.000,2200038317.459
119.000,2200038272.567
120.000,2200038209.818
121.000,2200038150.683
122.000,2200038112.888
123.000,2200038059.335
124.000,2200038005.477
125.000,2200037944.795
126.000,2200037890.007
127.000,2200037834.773
128.000,2200037779.918
129.000,2200037739.661
130.000,2200037677.755
131.000,2200037621.719
132.000,2200037571.232
133.000,2200037507.834
134.000,2200037450.335
135.000,2200037387.422
136.000,2200037335.510
137.000,2200037277.490
138.000,2200037211.926
139.000,2200037160.444
140.000,2200037101.652
141.000,2200037049.197
142.000,2200036984.092
143.000,2200036907.748
144.000,2200036863.331
145.000,2200036786.539
146.000,2200036731.106
147.000,2200036672.847
148.000,2200036610.502
149.000,2200036554.364
150.000,2200036491.255
151.000,2200036421.161
152.000,2200036357.790
153.000,2200036294.047
154.000,2200036224.713
155.000,2200036165.181
156.000,2200036087.997
157.000,2200036027.629
158.000,2200035962.211
159.000,2200035896.157
160.000,2200035824.440
161.000,2200035757.633
162.000,2200035690.174
163.000,2200035615.595
164.000,2200035547.071
165.000,2200035484.261
166.000,2200035410.049
167.000,2200035354.207
168.000,2200035268.632
169.000,2200035198.248
170.000,2200035128.201
171.000,2200035056.716
172.000,2200034978.262
173.000,2200034914.402
174.000,2200034833.885
175.000,2200034756.374
176.000,2200034683.832
177.000,2200034614.675
178.000,2200034527.794
179.000,2200034458.509
180.000,2200034378.664
181.000,2200034300.228
182.000,2200034224.353
183.000,2200034135.810
184.000,2200034058.960
185.000,2200033981.526
186.000,2200033896.359
187.000,2200033825.622
188.000,2200033747.218
189.000,2200033668.075
190.000,2200033588.448
191.000,2200033500.582
192.000,2200033411.850
193.000,2200033327.117
194.000,2200033249.194
195.000,2200033163.247
196.000,2200033084.760
197.000,2200032989.777
198.000,2200032898.469
199.000,2200032818.090
200.000,2200032734.000
201.000,2200032636.539
202.000,2200032559.317
203.000,2200032465.004
204.000,2200032374.507
205.000,2200032291.085
206.000,2200032183.889
207.000,2200032103.694
208.000,2200032014.337
209.000,2200031917.594
210.000,2200031819.992
211.000,2200031729.561
212.000,2200031634.478
213.000,2200031539.063
214.000,2200031447.244
215.000,2200031354.015
216.000,2200031249.984
217.000,2200031148.691
218.000,2200031061.597
219.000,2200030959.490
220.000,2200030871.190
221.000,2200030768.269
222.000,2200030663.001
223.000,2200030563.263
224.000,2200030464.917
225.000,2200030358.730
226.000,2200030259.766
227.000,2200030153.229
228.000,2200030042.058
229.000,2200029943.905
230.000,2200029839.035
231.000,2200029729.626
232.000,2200029635.529
233.000,2200029524.187
234.000,2200029420.394
235.000,2200029307.772
236.000,2200029191.641
237.000,2200029086.577
238.000,2200028983.788
239.000,2200028864.317
240.000,2200028750.709
241.000,2200028635.987
242.000,2200028533.724
243.000,2200028415.184
244.000,2200028305.748
245.000,2200028183.963
246.000,2200028075.424
247.000,2200027960.987
248.000,2200027833.727
249.000,2200027726.758
250.000,2200027612.804
251.000,2200027481.944
252.000,2200027366.118
253.000,2200027242.469
254.000,2200027127.520
255.000,2200027008.320
256.000,2200026874.192
257.000,2200026764.031
258.000,2200026630.718
259.000,2200026506.148
260.000,2200026387.768
261.000,2200026258.422
262.000,2200026139.733
263.000,2200026005.751
264.000,2200025879.540
265.000,2200025745.714
266.000,2200025629.195
267.000,2200025493.149
268.000,2200025357.987
269.000,2200025228.726
270.000,2200025091.623
271.000,2200024971.995
272.000,2200024831.900
273.000,2200024702.037
274.000,2200024568.736
275.000,2200024428.661
276.000,2200024286.447
277.000,2200024152.950
278.000,2200024017.304
279.000,2200023875.014
280.000,2200023737.971
281.000,2200023602.474
282.000,2200023463.440
283.000,2200023318.944
284.000,2200023178.824
285.000,2200023040.359
286.000,2200022890.605
287.000,2200022742.215
288.000,2200022608.641
289.000,2200022456.163
290.000,2200022317.686
291.000,2200022163.572
292.000,2200022009.957
293.000,2200021872.631
294.000,2200021719.547
295.000,2200021574.807
296.000,2200021417.424
297.000,2200021260.737
298.000,2200021112.887
299.000,2200020965.282
300.000,2200020812.506
301.000,2200020654.228
302.000,2200020502.328
303.000,2200020342.528
304.000,2200020190.026
305.000,2200020028.479
306.000,2200019874.381
307.000,2200019720.256
308.000,2200019564.531
309.000,2200019399.479
310.000,2200019242.770
311.000,2200019077.087
312.000,2200018911.363
313.000,2200018752.375
314.000,2200018591.690
315.000,2200018421.916
316.000,2200018262.026
317.000,2200018093.695
318.000,2200017932.079
319.000,2200017769.470
320.000,2200017605.797
321.000,2200017432.893
322.000,2200017258.479
323.000,2200017092.176
324.000,2200016919.437
325.000,2200016752.185
326.000,2200016576.037
327.000,2200016407.790
328.000,2200016239.135
329.000,2200016070.943
330.000,2200015891.401
331.000,2200015712.650
332.000,2200015542.723
333.000,2200015360.598
334.000,2200015182.469
335.000,2200015007.918
336.000,2200014833.789
337.000,2200014649.887
338.000,2200014477.521
339.000,2200014301.235
340.000,2200014117.346
341.000,2200013942.828
342.000,2200013756.492
343.000,2200013569.779
344.000,2200013392.611
345.000,2200013205.158
346.000,2200013027.307
347.000,2200012846.109
348.000,2200012665.412
349.000,2200012476.547
350.000,2200012286.919
351.000,2200012105.309
352.000,2200011913.876
353.000,2200011729.796
354.000,2200011539.242
355.000,2200011345.698
356.000,2200011171.135
357.000,2200010968.924
358.000,2200010790.028
359.000,2200010589.145
360.000,2200010410.380
361.000,2200010207.952
362.000,2200010023.070
363.000,2200009833.441
364.000,2200009636.542
365.000,2200009437.179
366.000,2200009250.144
367.000,2200009054.644
368.000,2200008863.514
369.000,2200008671.951
370.000,2200008474.482
371.000,2200008283.202
372.000,2200008084.668
373.000,2200007891.861
374.000,2200007689.548
375.000,2200007490.744
376.000,2200007300.401
377.000,2200007096.694
378.000,2200006893.546
379.000,2200006701.741
380.000,2200006510.950
381.000,2200006305.942
382.000,2200006113.896
383.000,2200005908.648
384.000,2200005715.744
385.000,2200005510.645
386.000,2200005312.488
387.000,2200005111.273
388.000,2200004908.795
389.000,2200004710.612
390.000,2200004503.498
391.000,2200004300.794
392.000,2200004106.944
393.000,2200003907.116
394.000,2200003704.668
395.000,2200003496.170
396.000,2200003292.725
397.000,2200003092.840
398.000,2200002897.743
399.000,2200002689.285
400.000,2200002479.585
401.000,2200002284.867
402.000,2200002080.077
403.000,2200001884.864
404.000,2200001675.436
405.000,2200001471.208
406.000,2200001262.265
407.000,2200001060.736
408.000,2200000850.964
409.000,2200000663.584
410.000,2200000451.092
411.000,2200000249.662
412.000,2200000045.321
413.000,2199999849.480
414.000,2199999639.149
415.000,2199999429.887
416.000,2199999233.386
417.000,2199999025.135
418.000,2199998829.128
419.000,2199998625.170
420.000,2199998421.337
421.000,2199998219.596
422.000,2199998010.619
423.000,2199997806.353
424.000,2199997598.728
425.000,2199997409.615
426.000,2199997200.333
427.000,2199997005.700
428.000,2199996796.645
429.000,2199996589.394
430.000,2199996394.522
431.000,2199996193.042
432.000,2199995983.854
433.000,2199995790.623
434.000,2199995598.754
435.000,2199995382.654
436.000,2199995191.657
437.000,2199994981.871
438.000,2199994791.754
439.000,2199994583.976
440.000,2199994392.395
441.000,2199994184.526
442.000,2199993988.022
443.000,2199993788.862
444.000,2199993599.519
445.000,2199993394.755
446.000,2199993203.877
447.000,2199992989.414
448.000,2199992801.765
449.000,2199992599.382
450.000,2199992417.716
451.000,2199992213.719
452.000,2199992019.039
453.000,2199991822.606
454.000,2199991614.835
455.000,2199991427.450
456.000,2199991235.079
457.000,2199991048.871
458.000,2199990847.751
459.000,2199990664.900
460.000,2199990456.047
461.000,2199990272.185
462.000,2199990074.599
463.000,2199989883.134
464.000,2199989694.563
465.000,2199989511.739
466.000,2199989314.308
467.000,2199989134.176
468.000,2199988945.811
469.000,2199988748.698
470.000,2199988563.483
471.000,2199988383.552
472.000,2199988191.149
473.000,2199988012.544
474.000,2199987817.814
475.000,2199987628.123
476.000,2199987452.725
477.000,2199987257.861
478.000,2199987086.980
479.000,2199986896.215
480.000,2199986712.763
481.000,2199986537.651
482.000,2199986343.886
483.000,2199986177.825
484.000,2199985992.304
485.000,2199985804.075
486.000,2199985636.097
487.000,2199985449.017
488.000,2199985272.457
489.000,2199985098.664
490.000,2199984928.344
491.000,2199984744.200
492.000,2199984571.262
493.000,2199984396.169
494.000,2199984224.884
495.000,2199984052.817
496.000,2199983881.441
497.000,2199983709.934
498.000,2199983533.258
499.000,2199983368.712
500.000,2199983198.033
501.000,2199983031.351
502.000,2199982860.206
503.000,2199982695.175
504.000,2199982529.843
505.000,2199982359.581
506.000,2199982190.231
507.000,2199982024.443
508.000,2199981862.517
509.000,2199981699.210
510.000,2199981535.401
511.000,2199981368.028
512.000,2199981212.743
513.000,2199981044.552
514.000,2199980893.890
515.000,2199980736.810
516.000,2199980576.720
517.000,2199980411.901
518.000,2199980252.820
519.000,2199980099.201
520.000,2199979947.831
521.000,2199979786.368
522.000,2199979624.609
523.000,2199979473.130
524.000,2199979311.885
525.000,2199979168.085
526.000,2199979006.102
527.000,2199978867.315
528.000,2199978709.530
529.000,2199978564.451
530.000,2199978417.929
531.000,2199978266.775
532.000,2199978117.610
533.000,2199977973.555
534.000,2199977831.498
535.000,2199977682.813
536.000,2199977530.749
537.000,2199977391.323
538.000,2199977254.707
539.000,2199977100.781
540.000,2199976971.253
541.000,2199976818.034
542.000,2199976671.031
543.000,2199976533.094
544.000,2199976396.805
545.000,2199976267.061
546.000,2199976121.348
547.000,2199975987.688
548.000,2199975849.146
549.000,2199975726.391
550.000,2199975589.693
551.000,2199975452.273
552.000,2199975312.990
553.000,2199975187.199
554.000,2199975047.068
555.000,2199974913.962
556.000,2199974796.146
557.000,2199974658.155
558.000,2199974527.254
559.000,2199974405.419
560.000,2199974265.385
561.000,2199974150.441
562.000,2199974026.014
563.000,2199973893.258
564.000,2199973775.627
565.000,2199973638.453
566.000,2199973516.723
567.000,2199973405.927
568.000,2199973281.546
569.000,2199973156.477
570.000,2199973038.026
571.000,2199972904.471
572.000,2199972803.199
573.000,2199972680.733
574.000,2199972564.897
575.000,2199972444.464
576.000,2199972319.581
577.000,2199972215.730
578.000,2199972091.550
579.000,2199971979.228
580.000,2199971866.398
581.000,2199971755.069
582.000,2199971644.089
583.000,2199971523.636
584.000,2199971424.036
585.000,2199971304.542
586.000,2199971186.512
587.000,2199971088.237
588.000,2199970981.302
589.000,2199970864.543
590.000,2199970758.552
591.000,2199970653.172
592.000,2199970548.114
593.000,2199970444.513
594.000,2199970340.394
595.000,2199970243.302
596.000,2199970130.471
597.000,2199970028.712
598.000,2199969927.547
599.000,2199969826.689
600.000,2199969717.022
601.000,2199969632.692
602.000,2199969518.769
603.000,2199969415.287
604.000,2199969322.545
605.000,2199969220.528
606.000,2199969134.368
607.000,2199969038.668
608.000,2199968937.872
609.000,2199968833.312
610.000,2199968738.491
611.000,2199968645.030
612.000,2199968557.426
613.000,2199968469.555
614.000,2199968377.723
615.000,2199968270.629
616.000,2199968180.156
617.000,2199968089.154
618.000,2199968009.781
619.000,2199967912.898
620.000,2199967826.860
621.000,2199967726.447
622.000,2199967650.399
623.000,2199967551.588
624.000,2199967471.686
625.000,2199967385.649
626.000,2199967295.363
627.000,2199967212.988
628.000,2199967128.225
629.000,2199967036.269
630.000,2199966963.350
631.000,2199966872.140
632.000,2199966792.794
633.000,2199966723.511
634.000,2199966638.763
635.000,2199966548.642
636.000,2199966472.116
637.000,2199966391.983
638.000,2199966310.256
639.000,2199966234.304
640.000,2199966158.073
641.000,2199966065.009
642.000,2199966001.540
643.000,2199965912.418
644.000,2199965848.907
645.000,2199965764.409
646.000,2199965688.692
647.000,2199965615.450
648.000,2199965543.395
649.000,2199965471.543
650.000,2199965397.093
651.000,2199965316.009
652.000,2199965244.983
653.000,2199965172.307
654.000,2199965098.161
655.000,2199965029.168
656.000,2199964956.413
657.000,2199964888.046
658.000,2199964817.011
659.000,2199964749.234
660.000,2199964672.241
661.000,2199964615.397
662.000,2199964539.223
663.000,2199964483.424
664.000,2199964403.777
665.000,2199964338.694
666.000,2199964270.639
667.000,2199964209.947
668.000,2199964138.689
669.000,2199964075.651
670.000,2199964012.298
671.000,2199963949.558
672.000,2199963878.206
673.000,2199963813.068
674.000,2199963765.192
675.000,2199963688.196
676.000,2199963638.115
677.000,2199963565.289
678.000,2199963515.481
679.000,2199963446.839
680.000,2199963387.452
681.000,2199963337.183
682.000,2199963267.758
683.000,2199963208.139
684.000,2199963149.719
685.000,2199963092.316
686.000,2199963036.547
687.000,2199962974.658
688.000,2199962921.530
689.000,2199962863.136
690.000,2199962807.658
691.000,2199962754.890
692.000,2199962686.316
693.000,2199962639.974
694.000,2199962586.980
695.000,2199962531.049
696.000,2199962476.872
697.000,2199962422.026
698.000,2199962371.560
699.000,2199962308.738
700.000,2199962254.207
701.000,2199962203.520
702.000,2199962151.439
703.000,2199962097.854
704.000,2199962050.125
705.000,2199961996.948
706.000,2199961956.698
707.000,2199961897.466
708.000,2199961845.625
709.000,2199961798.968
710.000,2199961757.910
711.000,2199961701.856
712.000,2199961645.898
713.000,2199961600.818
714.000,2199961555.394
715.000,2199961505.592
716.000,2199961459.450
717.000,2199961410.216
718.000,2199961367.795
719.000,2199961310.478
720.000,2199961274.088
721.000,2199961225.543
722.000,2199961171.153
723.000,2199961137.094
724.000,2199961091.198
725.000,2199961047.546
726.000,2199961005.374
727.000,2199960955.810
728.000,2199960912.544
729.000,2199960870.141
730.000,2199960825.754
731.000,2199960774.961
732.000,2199960741.826
733.000,2199960701.411
734.000,2199960657.024
735.000,2199960615.544
736.000,2199960571.642
737.000,2199960532.186
738.000,2199960491.831
739.000,2199960453.039
740.000,2199960411.650
741.000,2199960372.405
742.000,2199960333.924
743.000,2199960281.654
744.000,2199960252.527
745.000,2199960210.331
746.000,2199960173.125
747.000,2199960134.866
748.000,2199960097.020
749.000,2199960058.831
750.000,2199960011.663
751.000,2199959985.116
752.000,2199959938.202
753.000,2199959911.210
754.000,2199959870.962
755.000,2199959834.632
756.000,2199959801.487
757.000,2199959762.235
758.000,2199959727.171
759.000,2199959691.668
760.000,2199959656.185
761.000,2199959620.907
762.000,2199959586.994
763.000,2199959550.763
764.000,2199959516.447
765.000,2199959481.597
766.000,2199959448.625
767.000,2199959414.519
768.000,2199959380.605
769.000,2199959346.879
770.000,2199959326.557
771.000,2199959280.167
772.000,2199959250.225
773.000,2199959227.398
774.000,2199959195.502
775.000,2199959161.785
776.000,2199959120.638
777.000,2199959100.484
778.000,2199959056.445
779.000,2199959027.777
780.000,2199959006.877
781.000,2199958966.433
782.000,2199958943.717
783.000,2199958914.288
784.000,2199958884.245
785.000,2199958854.292
786.000,2199958826.036
787.000,2199958795.797
788.000,2199958766.846
789.000,2199958735.755
790.000,2199958707.476
791.000,2199958677.535
792.000,2199958650.718
793.000,2199958621.593
794.000,2199958592.452
795.000,2199958566.443
796.000,2199958537.435
797.000,2199958510.239
798.000,2199958491.851
799.000,2199958464.951
800.000,2199958429.376
801.000,2199958410.846
802.000,2199958373.552
803.000,2199958347.404
804.000,2199958332.626
805.000,2199958304.749
806.000,2199958278.850
807.000,2199958254.768
808.000,2199958219.059
809.000,2199958200.931
810.000,2199958177.753
811.000,2199958152.377
812.000,2199958127.294
813.000,2199958111.824
814.000,2199958086.996
815.000,2199958052.140
816.000,2199958036.718
817.000,2199958014.449
818.000,2199957980.536
819.000,2199957966.814
820.000,2199957943.572
821.000,2199957919.627
822.000,2199957887.605
823.000,2199957863.601
824.000,2199957850.791
825.000,2199957827.024
826.000,2199957805.703
827.000,2199957782.478
828.000,2199957758.587
829.000,2199957740.261
830.000,2199957716.303
