Time(s),Frequency(Hz)
0.000,2200048893.205
1.000,2200048893.677
2.000,2200048892.042
3.000,2200048902.093
4.000,2200048897.541
5.000,2200048889.883
6.000,2200048889.327
7.000,2200048896.605
8.000,2200048895.946
9.000,2200048891.161
10.000,2200048894.494
11.000,2200048899.837
12.000,2200048900.049
13.000,2200048885.411
14.000,2200048884.703
15.000,2200048893.970
16.000,2200048893.256
17.000,2200048889.430
18.000,2200048891.899
19.000,2200048886.851
20.000,2200048886.303
21.000,2200048885.425
22.000,2200048881.660
23.000,2200048880.312
24.000,2200048876.529
25.000,2200048875.810
26.000,2200048874.208
27.000,2200048873.565
28.000,2200048879.263
29.000,2200048877.844
30.000,2200048874.002
31.000,2200048872.550
32.000,2200048871.737
33.000,2200048877.353
34.000,2200048863.399
35.000,2200048861.663
36.000,2200048857.290
37.000,2200048855.731
38.000,2200048862.111
39.000,2200048850.272
40.000,2200048845.507
41.000,2200048853.929
42.000,2200048849.688
43.000,2200048855.634
44.000,2200048843.514
45.000,2200048852.256
46.000,2200048837.145
47.000,2200048842.856
48.000,2200048827.888
49.000,2200048825.856
50.000,2200048835.312
51.000,2200048816.461
52.000,2200048825.138
53.000,2200048823.227
54.000,2200048818.294
55.000,2200048813.121
56.000,2200048818.666
57.000,2200048803.345
58.000,2200048801.178
59.000,2200048796.220
60.000,2200048801.394
61.000,2200048796.396
62.000,2200048790.934
63.000,2200048777.761
64.000,2200048783.095
65.000,2200048777.865
66.000,2200048775.011
67.000,2200048769.819
68.000,2200048764.595
69.000,2200048758.900
70.000,2200048764.259
71.000,2200048747.197
72.000,2200048752.515
73.000,2200048735.777
74.000,2200048741.272
75.000,2200048727.668
76.000,2200048732.577
77.000,2200048715.394
78.000,2200048717.667
79.000,2200048711.285
80.000,2200048707.986
81.000,2200048698.939
82.000,2200048695.973
83.000,2200048686.841
84.000,2200048680.348
85.000,2200048674.135
86.000,2200048667.441
87.000,2200048672.292
88.000,2200048665.089
89.000,2200048647.823
90.000,2200048652.358
91.000,2200048645.537
92.000,2200048635.702
93.000,2200048631.425
94.000,2200048610.742
95.000,2200048603.691
96.000,2200048607.745
97.000,2200048589.374
98.000,2200048593.612
99.000,2200048583.573
100.000,2200048575.877
101.000,2200048568.825
102.000,2200048561.114
103.000,2200048550.735
104.000,2200048543.010
105.000,2200048535.222
106.000,2200048527.740
107.000,2200048519.332
108.000,2200048523.355
109.000,2200048500.587
110.000,2200048492.568
111.000,2200048493.269
112.000,2200048485.016
113.000,2200048464.806
114.000,2200048453.605
115.000,2200048456.724
116.000,2200048433.615
117.000,2200048436.509
118.000,2200048427.803
119.000,2200048416.360
120.000,2200048407.230
121.000,2200048395.264
122.000,2200048386.187
123.000,2200048374.211
124.000,2200048364.966
125.000,2200048355.300
126.000,2200048343.032
127.000,2200048330.680
128.000,2200048320.749
129.000,2200048308.440
130.000,2200048298.211
131.000,2200048288.325
132.000,2200048275.281
133.000,2200048259.664
134.000,2200048261.149
135.000,2200048248.085
136.000,2200048234.906
137.000,2200048214.377
138.000,2200048213.169
139.000,2200048199.353
140.000,2200048185.632
141.000,2200048164.929
142.000,2200048150.861
143.000,2200048148.980
144.000,2200048122.424
145.000,2200048120.473
146.000,2200048110.834
147.000,2200048084.073
148.000,2200048081.608
149.000,2200048061.730
150.000,2200048046.715
151.000,2200048036.484
152.000,2200048021.500
153.000,2200048005.885
154.000,2200047990.413
155.000,2200047974.765
156.000,2200047963.889
157.000,2200047942.948
158.000,2200047931.675
159.000,2200047903.112
160.000,2200047894.001
161.000,2200047877.697
162.000,2200047865.766
163.000,2200047831.388
164.000,2200047831.802
165.000,2200047814.599
166.000,2200047797.341
167.000,2200047779.565
168.000,2200047762.073
169.000,2200047744.098
170.000,2200047713.310
171.000,2200047707.799
172.000,2200047676.657
173.000,2200047670.919
174.000,2200047634.364
175.000,2200047628.447
176.000,2200047613.808
177.000,2200047576.968
178.000,2200047575.070
179.000,2200047550.643
180.000,2200047535.599
181.000,2200047515.245
182.000,2200047490.449
183.000,2200047474.343
184.000,2200047449.133
185.000,2200047432.770
186.000,2200047394.016
187.000,2200047390.339
188.000,2200047363.894
189.000,2200047342.453
190.000,2200047306.967
191.000,2200047280.362
192.000,2200047275.444
193.000,2200047239.578
194.000,2200047216.548
195.000,2200047193.178
196.000,2200047178.773
197.000,2200047154.856
198.000,2200047117.828
199.000,2200047093.518
200.000,2200047068.950
201.000,2200047044.255
202.000,2200047028.254
203.000,2200046989.522
204.000,2200046963.724
205.000,2200046938.102
206.000,2200046912.126
207.000,2200046881.357
208.000,2200046868.246
209.000,2200046827.785
210.000,2200046800.440
211.000,2200046768.386
212.000,2200046731.524
213.000,2200046712.533
214.000,2200046684.265
215.000,2200046655.584
216.000,2200046622.086
217.000,2200046578.921
218.000,2200046562.830
219.000,2200046532.875
220.000,2200046484.373
221.000,2200046467.469
222.000,2200046418.514
223.000,2200046400.879
224.000,2200046355.143
225.000,2200046318.447
226.000,2200046290.476
227.000,2200046271.296
228.000,2200046220.152
229.000,2200046186.384
230.000,2200046148.286
231.000,2200046113.645
232.000,2200046074.942
233.000,2200046039.753
234.000,2200046003.954
235.000,2200045954.031
236.000,2200045917.263
237.000,2200045890.444
238.000,2200045853.217
239.000,2200045797.382
240.000,2200045759.155
241.000,2200045720.157
242.000,2200045677.269
243.000,2200045637.490
244.000,2200045593.517
245.000,2200045549.569
246.000,2200045512.324
247.000,2200045470.882
248.000,2200045424.850
249.000,2200045378.791
250.000,2200045335.099
251.000,2200045277.592
252.000,2200045229.818
253.000,2200045185.234
254.000,2200045135.995
255.000,2200045090.237
256.000,2200045040.172
257.000,2200044993.667
258.000,2200044942.421
259.000,2200044890.977
260.000,2200044842.542
261.000,2200044778.265
262.000,2200044739.802
263.000,2200044674.493
264.000,2200044623.405
265.000,2200044568.211
266.000,2200044512.539
267.000,2200044459.337
268.000,2200044402.528
269.000,2200044347.912
270.000,2200044275.000
271.000,2200044216.008
272.000,2200044174.750
273.000,2200044099.002
274.000,2200044041.477
275.000,2200043979.530
276.000,2200043920.120
277.000,2200043842.073
278.000,2200043780.927
279.000,2200043731.528
280.000,2200043653.584
281.000,2200043587.730
282.000,2200043520.136
283.000,2200043455.284
284.000,2200043374.738
285.000,2200043320.339
286.000,2200043250.164
287.000,2200043166.264
288.000,2200043094.268
289.000,2200043021.317
290.000,2200042950.417
291.000,2200042875.700
292.000,2200042802.852
293.000,2200042710.897
294.000,2200042648.436
295.000,2200042570.144
296.000,2200042477.879
297.000,2200042397.519
298.000,2200042316.190
299.000,2200042236.047
300.000,2200042137.096
301.000,2200042070.962
302.000,2200041966.838
303.000,2200041898.719
304.000,2200041797.810
305.000,2200041708.700
306.000,2200041618.784
307.000,2200041527.662
308.000,2200041421.834
309.000,2200041325.935
310.000,2200041233.818
311.000,2200041121.694
312.000,2200041024.822
313.000,2200040926.335
314.000,2200040845.174
315.000,2200040727.780
316.000,2200040625.686
317.000,2200040524.852
318.000,2200040400.789
319.000,2200040298.799
320.000,2200040191.853
321.000,2200040097.135
322.000,2200039972.180
323.000,2200039844.075
324.000,2200039746.929
325.000,2200039632.212
326.000,2200039501.368
327.000,2200039383.506
328.000,2200039264.843
329.000,2200039143.792
330.000,2200039020.744
331.000,2200038880.548
332.000,2200038754.159
333.000,2200038628.451
334.000,2200038482.664
335.000,2200038368.538
336.000,2200038218.491
337.000,2200038086.658
338.000,2200037948.843
339.000,2200037811.195
340.000,2200037672.884
341.000,2200037514.503
342.000,2200037370.388
343.000,2200037225.061
344.000,2200037060.998
345.000,2200036911.585
346.000,2200036760.577
347.000,2200036606.631
348.000,2200036452.563
349.000,2200036294.129
350.000,2200036134.127
351.000,2200035955.685
352.000,2200035792.866
353.000,2200035627.209
354.000,2200035458.987
355.000,2200035288.193
356.000,2200035097.917
357.000,2200034923.102
358.000,2200034746.068
359.000,2200034549.206
360.000,2200034384.176
361.000,2200034182.517
362.000,2200033995.344
363.000,2200033806.218
364.000,2200033614.035
365.000,2200033402.594
366.000,2200033204.849
367.000,2200033006.182
368.000,2200032786.782
369.000,2200032581.907
370.000,2200032374.653
371.000,2200032164.271
372.000,2200031951.181
373.000,2200031718.266
374.000,2200031499.914
375.000,2200031260.897
376.000,2200031037.382
377.000,2200030810.256
378.000,2200030580.676
379.000,2200030348.290
380.000,2200030112.741
381.000,2200029856.599
382.000,2200029615.212
383.000,2200029371.072
384.000,2200029105.777
385.000,2200028854.972
386.000,2200028601.659
387.000,2200028327.198
388.000,2200028067.650
389.000,2200027786.755
390.000,2200027537.696
391.000,2200027250.874
392.000,2200026979.082
393.000,2200026703.183
394.000,2200026405.897
395.000,2200026123.518
396.000,2200025838.755
397.000,2200025532.788
398.000,2200025240.059
399.000,2200024944.592
400.000,2200024647.065
401.000,2200024327.779
402.000,2200024022.331
403.000,2200023695.987
404.000,2200023385.564
405.000,2200023085.889
406.000,2200022733.968
407.000,2200022429.532
408.000,2200022104.089
409.000,2200021759.729
410.000,2200021408.059
411.000,2200021092.092
412.000,2200020735.924
413.000,2200020394.050
414.000,2200020033.744
415.000,2200019685.025
416.000,2200019315.994
417.000,2200018960.991
418.000,2200018605.014
419.000,2200018226.531
420.000,2200017864.451
421.000,2200017494.202
422.000,2200017126.023
423.000,2200016735.262
424.000,2200016361.004
425.000,2200015981.201
426.000,2200015598.157
427.000,2200015212.476
428.000,2200014809.832
429.000,2200014418.421
430.000,2200014007.393
431.000,2200013610.331
432.000,2200013197.204
433.000,2200012794.904
434.000,2200012393.493
435.000,2200011969.542
436.000,2200011559.845
437.000,2200011147.643
438.000,2200010720.356
439.000,2200010307.348
440.000,2200009868.449
441.000,2200009451.343
442.000,2200009032.149
443.000,2200008591.246
444.000,2200008168.411
445.000,2200007735.787
446.000,2200007293.712
447.000,2200006865.921
448.000,2200006412.631
449.000,2200005981.933
450.000,2200005550.180
451.000,2200005112.584
452.000,2200004678.276
453.000,2200004207.771
454.000,2200003782.306
455.000,2200003330.111
456.000,2200002877.109
457.000,2200002434.201
458.000,2200001975.550
459.000,2200001536.154
460.000,2200001091.218
461.000,2200000646.332
462.000,2200000192.106
463.000,2199999731.886
464.000,2199999306.425
465.000,2199998852.130
466.000,2199998392.996
467.000,2199997953.223
468.000,2199997509.063
469.000,2199997051.315
470.000,2199996613.687
471.000,2199996163.005
472.000,2199995721.400
473.000,2199995286.272
474.000,2199994832.231
475.000,2199994394.203
476.000,2199993948.320
477.000,2199993518.585
478.000,2199993069.693
479.000,2199992642.882
480.000,2199992215.980
481.000,2199991772.664
482.000,2199991349.946
483.000,2199990910.298
484.000,2199990484.145
485.000,2199990066.952
486.000,2199989640.508
487.000,2199989221.174
488.000,2199988798.297
489.000,2199988377.838
490.000,2199987971.641
491.000,2199987543.160
492.000,2199987153.249
493.000,2199986742.750
494.000,2199986334.961
495.000,2199985926.819
496.000,2199985536.645
497.000,2199985137.117
498.000,2199984751.348
499.000,2199984356.444
500.000,2199983977.565
501.000,2199983589.786
502.000,2199983215.596
503.000,2199982820.111
504.000,2199982450.559
505.000,2199982086.451
506.000,2199981700.156
507.000,2199981345.227
508.000,2199980975.001
509.000,2199980612.506
510.000,2199980262.707
511.000,2199979906.741
512.000,2199979564.708
513.000,2199979200.958
514.000,2199978864.005
515.000,2199978521.271
516.000,2199978190.844
517.000,2199977854.831
518.000,2199977523.779
519.000,2199977211.522
520.000,2199976875.927
521.000,2199976571.417
522.000,2199976229.337
523.000,2199975936.687
524.000,2199975617.220
525.000,2199975308.273
526.000,2199975002.711
527.000,2199974694.489
528.000,2199974418.071
529.000,2199974108.810
530.000,2199973815.086
531.000,2199973549.893
532.000,2199973249.106
533.000,2199972973.516
534.000,2199972694.357
535.000,2199972409.735
536.000,2199972158.802
537.000,2199971890.978
538.000,2199971624.546
539.000,2199971352.236
540.000,2199971098.170
541.000,2199970858.339
542.000,2199970590.662
543.000,2199970359.513
544.000,2199970097.951
545.000,2199969858.683
546.000,2199969618.767
547.000,2199969379.924
548.000,2199969144.225
549.000,2199968900.879
550.000,2199968677.683
551.000,2199968466.294
552.000,2199968232.750
553.000,2199968009.570
554.000,2199967794.314
555.000,2199967578.456
556.000,2199967385.524
557.000,2199967179.351
558.000,2199966957.456
559.000,2199966756.302
560.000,2199966553.765
561.000,2199966355.417
562.000,2199966158.023
563.000,2199965968.733
564.000,2199965776.273
565.000,2199965589.866
566.000,2199965404.084
567.000,2199965206.565
568.000,2199965039.515
569.000,2199964845.185
570.000,2199964686.060
571.000,2199964515.144
572.000,2199964338.583
573.000,2199964172.067
574.000,2199963987.058
575.000,2199963824.587
576.000,2199963680.391
577.000,2199963499.106
578.000,2199963356.947
579.000,2199963184.402
580.000,2199963046.179
581.000,2199962893.717
582.000,2199962727.205
583.000,2199962594.742
584.000,2199962430.017
585.000,2199962303.216
586.000,2199962142.407
587.000,2199962017.431
588.000,2199961876.416
589.000,2199961723.021
590.000,2199961587.192
591.000,2199961471.259
592.000,2199961338.655
593.000,2199961206.339
594.000,2199961078.886
595.000,2199960949.896
596.000,2199960824.484
597.000,2199960685.944
598.000,2199960577.592
599.000,2199960439.155
600.000,2199960320.907
601.000,2199960203.445
602.000,2199960101.405
603.000,2199959988.925
604.000,2199959874.108
605.000,2199959762.807
606.000,2199959651.096
607.000,2199959542.259
608.000,2199959448.754
609.000,2199959326.962
610.000,2199959238.188
611.000,2199959116.988
612.000,2199959030.704
613.000,2199958929.981
614.000,2199958828.332
615.000,2199958714.259
616.000,2199958617.311
617.000,2199958535.349
618.000,2199958442.491
619.000,2199958346.835
620.000,2199958254.810
621.000,2199958160.786
622.000,2199958070.139
623.000,2199957979.966
624.000,2199957891.352
625.000,2199957804.741
626.000,2199957734.726
627.000,2199957634.582
628.000,2199957565.522
629.000,2199957480.969
630.000,2199957383.704
631.000,2199957301.887
632.000,2199957238.034
633.000,2199957159.321
634.000,2199957081.853
635.000,2199957016.989
636.000,2199956925.651
637.000,2199956850.633
638.000,2199956790.152
639.000,2199956715.261
640.000,2199956644.992
641.000,2199956571.597
642.000,2199956498.901
643.000,2199956444.900
644.000,2199956375.815
645.000,2199956289.908
646.000,2199956240.269
647.000,2199956173.697
648.000,2199956088.061
649.000,2199956038.347
650.000,2199955974.218
651.000,2199955908.172
652.000,2199955845.284
653.000,2199955780.967
654.000,2199955719.518
655.000,2199955658.875
656.000,2199955614.105
657.000,2199955554.930
658.000,2199955495.473
659.000,2199955438.094
660.000,2199955377.899
661.000,2199955323.280
662.000,2199955280.377
663.000,2199955224.746
664.000,2199955167.030
665.000,2199955112.477
666.000,2199955058.823
667.000,2199955018.851
668.000,2199954965.247
669.000,2199954913.194
670.000,2199954861.604
671.000,2199954810.874
672.000,2199954758.113
673.000,2199954725.942
674.000,2199954676.518
675.000,2199954627.733
676.000,2199954591.176
677.000,2199954543.261
678.000,2199954496.156
679.000,2199954433.932
680.000,2199954403.032
681.000,2199954353.347
682.000,2199954313.922
683.000,2199954266.851
684.000,2199954220.740
685.000,2199954189.785
686.000,2199954148.194
687.000,2199954105.274
688.000,2199954058.446
689.000,2199954016.148
690.000,2199953989.353
691.000,2199953947.890
692.000,2199953906.942
693.000,2199953876.900
694.000,2199953839.007
695.000,2199953801.017
696.000,2199953774.504
697.000,2199953724.759
698.000,2199953696.615
699.000,2199953662.693
700.000,2199953620.119
701.000,2199953582.680
702.000,2199953547.376
703.000,2199953525.465
704.000,2199953488.868
705.000,2199953452.616
706.000,2199953433.781
707.000,2199953381.008
708.000,2199953358.241
709.000,2199953323.055
710.000,2199953303.446
711.000,2199953256.362
712.000,2199953234.950
713.000,2199953218.212
714.000,2199953169.875
715.000,2199953153.934
716.000,2199953120.867
717.000,2199953088.523
718.000,2199953070.882
719.000,2199953041.075
720.000,2199953004.156
721.000,2199952972.673
722.000,2199952946.828
723.000,2199952932.580
724.000,2199952899.930
725.000,2199952880.807
726.000,2199952856.113
727.000,2199952826.208
728.000,2199952793.294
729.000,2199952769.446
730.000,2199952749.130
731.000,2199952722.572
732.000,2199952693.613
733.000,2199952665.212
734.000,2199952639.135
735.000,2199952625.611
736.000,2199952599.971
737.000,2199952584.535
738.000,2199952561.740
739.000,2199952537.905
740.000,2199952507.424
741.000,2199952495.093
742.000,2199952470.693
743.000,2199952444.300
744.000,2199952432.416
745.000,2199952414.797
746.000,2199952397.178
747.000,2199952373.962
748.000,2199952348.398
749.000,2199952339.693
750.000,2199952320.715
751.000,2199952289.680
752.000,2199952267.253
753.000,2199952262.981
754.000,2199952241.033
755.000,2199952210.456
756.000,2199952206.956
757.000,2199952178.962
758.000,2199952161.555
759.000,2199952133.940
760.000,2199952126.718
761.000,2199952124.299
762.000,2199952086.754
763.000,2199952080.313
764.000,2199952057.500
765.000,2199952037.036
766.000,2199952016.833
767.000,2199952008.379
768.000,2199951986.355
769.000,2199951980.350
770.000,2199951958.482
771.000,2199951959.625
772.000,2199951923.844
773.000,2199951932.638
774.000,2199951904.314
775.000,2199951892.190
776.000,2199951872.968
777.000,2199951866.041
778.000,2199951847.288
779.000,2199951826.452
780.000,2199951821.924
781.000,2199951801.201
782.000,2199951783.131
783.000,2199951764.723
784.000,2199951765.640
785.000,2199951761.512
786.000,2199951739.268
787.000,2199951721.526
788.000,2199951717.788
789.000,2199951704.752
790.000,2199951692.169
791.000,2199951675.048
792.000,2199951657.684
793.000,2199951640.530
794.000,2199951648.947
795.000,2199951641.424
796.000,2199951624.672
797.000,2199951621.458
798.000,2199951591.214
799.000,2199951570.002
800.000,2199951581.127
801.000,2199951572.100
802.000,2199951555.771
803.000,2199951539.636
804.000,2199951532.565
805.000,2199951521.087
806.000,2199951521.673
807.000,2199951505.867
808.000,2199951490.020
809.000,2199951495.499
810.000,2199951472.202
811.000,2199951464.092
812.000,2199951462.406
813.000,2199951442.322
814.000,2199951440.746
815.000,2199951425.288
816.000,2199951431.331
817.000,2199951412.248
818.000,2199951410.540
819.000,2199951381.672
820.000,2199951401.789
821.000,2199951382.694
822.000,2199951367.689
823.000,2199951356.810
824.000,2199951355.537
825.000,2199951358.269
826.000,2199951343.733
827.000,2199951337.985
828.000,2199951327.668
829.000,2199951313.070
830.000,2199951320.446
831.000,2199951319.135
832.000,2199951304.810
833.000,2199951290.653
834.000,2199951280.258
835.000,2199951279.687
836.000,2199951269.411
837.000,2199951255.460
838.000,2199951267.830
839.000,2199951244.891
840.000,2199951244.267
841.000,2199951247.675
842.000,2199951233.836
843.000,2199951219.801
844.000,2199951223.577
845.000,2199951218.386
846.000,2199951213.599
847.000,2199951199.961
848.000,2199951190.439
849.000,2199951190.325
850.000,2199951198.192
851.000,2199951184.946
852.000,2199951188.790
853.000,2199951175.378
854.000,2199951175.152
855.000,2199951170.207
856.000,2199951157.138
857.000,2199951169.868
858.000,2199951148.029
859.000,2199951152.097
860.000,2199951152.000
861.000,2199951143.159
862.000,2199951138.755
863.000,2199951134.446
864.000,2199951121.149
865.000,2199951130.076
866.000,2199951125.514
867.000,2199951121.349
868.000,2199951104.053
869.000,2199951117.225
870.000,2199951113.015
871.000,2199951104.288
872.000,2199951104.696
873.000,2199951100.373
874.000,2199951096.273
875.000,2199951092.242
876.000,2199951096.827
877.000,2199951084.069
878.000,2199951075.681
879.000,2199951080.561
880.000,2199951080.659
881.000,2199951072.422
882.000,2199951077.109
883.000,2199951068.974
884.000,2199951060.872
885.000,2199951065.497
886.000,2199951070.270
887.000,2199951044.885
888.000,2199951062.693
889.000,2199951054.589
890.000,2199951046.635
891.000,2199951051.193
892.000,2199951051.585
893.000,2199951043.924
894.000,2199951035.520
895.000,2199951040.613
896.000,2199951045.670
897.000,2199951037.536
898.000,2199951025.435
899.000,2199951030.334
900.000,2199951039.658
901.000,2199951044.323
902.000,2199951032.162
903.000,2199951041.515
904.000,2199951029.255
905.000,2199951034.178
906.000,2199951021.807
907.000,2199951018.985
908.000,2199951023.273
909.000,2199951024.152
910.000,2199951020.597
911.000,2199951030.405
912.000,2199951018.078
913.000,2199951023.031
914.000,2199951015.473
915.000,2199951020.311
916.000,2199951025.506
917.000,2199951017.741
918.000,2199951027.104
919.000,2199951015.316
920.000,2199951015.461
921.000,2199951017.074
