Time(s),Frequency(Hz)
0.000,2200047904.438
1.000,2200047904.873
2.000,2200047896.130
3.000,2200047882.291
4.000,2200047885.826
5.000,2200047882.019
6.000,2200047873.158
7.000,2200047864.262
8.000,2200047850.325
9.000,2200047857.857
10.000,2200047849.720
11.000,2200047852.228
12.000,2200047848.155
13.000,2200047839.077
14.000,2200047842.322
15.000,2200047833.173
16.000,2200047836.356
17.000,2200047818.950
18.000,2200047822.081
19.000,2200047812.783
20.000,2200047798.546
21.000,2200047805.789
22.000,2200047792.172
23.000,2200047786.963
24.000,2200047768.368
25.000,2200047776.134
26.000,2200047770.816
27.000,2200047761.220
28.000,2200047759.138
29.000,2200047749.459
30.000,2200047739.734
31.000,2200047729.961
32.000,2200047736.864
33.000,2200047714.569
34.000,2200047712.300
35.000,2200047702.349
36.000,2200047709.115
37.000,2200047699.525
38.000,2200047688.983
39.000,2200047678.837
40.000,2200047668.641
41.000,2200047666.108
42.000,2200047655.814
43.000,2200047649.827
44.000,2200047647.526
45.000,2200047619.880
46.000,2200047626.543
47.000,2200047615.667
48.000,2200047600.355
49.000,2200047589.683
50.000,2200047596.096
51.000,2200047580.634
52.000,2200047569.774
53.000,2200047575.784
54.000,2200047560.363
55.000,2200047544.680
56.000,2200047538.031
57.000,2200047522.245
58.000,2200047511.014
59.000,2200047499.709
60.000,2200047500.857
61.000,2200047484.847
62.000,2200047485.861
63.000,2200047474.294
64.000,2200047450.064
65.000,2200047450.891
66.000,2200047439.100
67.000,2200047439.775
68.000,2200047410.780
69.000,2200047406.754
70.000,2200047399.221
71.000,2200047382.551
72.000,2200047382.873
73.000,2200047353.512
74.000,2200047358.247
75.000,2200047336.727
76.000,2200047324.150
77.000,2200047311.495
78.000,2200047294.312
79.000,2200047298.695
80.000,2200047264.167
81.000,2200047268.373
82.000,2200047255.274
83.000,2200047237.722
84.000,2200047224.452
85.000,2200047211.377
86.000,2200047205.857
87.000,2200047187.943
88.000,2200047174.295
89.000,2200047165.229
90.000,2200047154.973
91.000,2200047141.022
92.000,2200047127.378
93.000,2200047108.983
94.000,2200047094.692
95.000,2200047080.332
96.000,2200047061.617
97.000,2200047059.641
98.000,2200047028.111
99.000,2200047025.901
100.000,2200046998.379
101.000,2200046991.741
102.000,2200046977.230
103.000,2200046969.781
104.000,2200046950.237
105.000,2200046922.091
106.000,2200046914.938
107.000,2200046904.053
108.000,2200046884.030
109.000,2200046876.606
110.000,2200046860.460
111.000,2200046831.557
112.000,2200046819.677
113.000,2200046803.158
114.000,2200046782.479
115.000,2200046765.648
116.000,2200046744.738
117.000,2200046727.644
118.000,2200046706.431
119.000,2200046693.056
120.000,2200046676.276
121.000,2200046654.698
122.000,2200046628.168
123.000,2200046618.974
124.000,2200046584.252
125.000,2200046574.764
126.000,2200046552.461
127.000,2200046530.017
128.000,2200046515.210
129.000,2200046492.407
130.000,2200046469.551
131.000,2200046446.447
132.000,2200046448.640
133.000,2200046420.208
134.000,2200046401.736
135.000,2200046372.975
136.000,2200046349.086
137.000,2200046330.225
138.000,2200046305.996
139.000,2200046284.099
140.000,2200046264.653
141.000,2200046239.950
142.000,2200046227.739
143.000,2200046202.660
144.000,2200046177.492
145.000,2200046139.368
146.000,2200046121.327
147.000,2200046100.697
148.000,2200046074.739
149.000,2200046043.183
150.000,2200046024.269
151.000,2200045997.733
152.000,2200045976.135
153.000,2200045936.590
154.000,2200045922.055
155.000,2200045901.793
156.000,2200045861.866
157.000,2200045841.126
158.000,2200045806.120
159.000,2200045777.473
160.000,2200045761.749
161.000,2200045733.009
162.000,2200045698.833
163.000,2200045675.041
164.000,2200045640.354
165.000,2200045616.119
166.000,2200045587.712
167.000,2200045550.928
168.000,2200045520.552
169.000,2200045502.681
170.000,2200045471.345
171.000,2200045434.878
172.000,2200045403.559
173.000,2200045371.936
174.000,2200045340.178
175.000,2200045307.994
176.000,2200045275.711
177.000,2200045236.538
178.000,2200045222.738
179.000,2200045176.931
180.000,2200045143.420
181.000,2200045109.757
182.000,2200045075.625
183.000,2200045041.386
184.000,2200045006.713
185.000,2200044959.190
186.000,2200044936.568
187.000,2200044901.034
188.000,2200044853.239
189.000,2200044835.124
190.000,2200044793.117
191.000,2200044755.715
192.000,2200044718.643
193.000,2200044662.992
194.000,2200044637.770
195.000,2200044587.117
196.000,2200044548.545
197.000,2200044522.383
198.000,2200044483.105
199.000,2200044431.080
200.000,2200044385.489
201.000,2200044357.765
202.000,2200044316.052
203.000,2200044281.805
204.000,2200044234.785
205.000,2200044186.146
206.000,2200044138.290
207.000,2200044095.742
208.000,2200044052.796
209.000,2200044009.444
210.000,2200043965.627
211.000,2200043921.574
212.000,2200043864.390
213.000,2200043819.498
214.000,2200043781.148
215.000,2200043740.596
216.000,2200043681.825
217.000,2200043641.568
218.000,2200043576.838
219.000,2200043529.077
220.000,2200043481.100
221.000,2200043437.549
222.000,2200043388.472
223.000,2200043333.910
224.000,2200043283.899
225.000,2200043215.090
226.000,2200043169.947
227.000,2200043112.584
228.000,2200043066.449
229.000,2200043003.184
230.000,2200042950.163
231.000,2200042901.324
232.000,2200042847.271
233.000,2200042769.432
234.000,2200042732.797
235.000,2200042658.511
236.000,2200042602.280
237.000,2200042540.930
238.000,2200042471.234
239.000,2200042417.647
240.000,2200042365.068
241.000,2200042307.821
242.000,2200042245.982
243.000,2200042175.307
244.000,2200042108.087
245.000,2200042046.423
246.000,2200041980.005
247.000,2200041904.826
248.000,2200041841.432
249.000,2200041770.807
250.000,2200041712.346
251.000,2200041640.420
252.000,2200041574.167
253.000,2200041503.395
254.000,2200041435.783
255.000,2200041349.101
256.000,2200041283.581
257.000,2200041210.281
258.000,2200041139.685
259.000,2200041068.421
260.000,2200040996.404
261.000,2200040920.149
262.000,2200040838.131
263.000,2200040753.813
264.000,2200040678.892
265.000,2200040602.817
266.000,2200040504.521
267.000,2200040433.517
268.000,2200040358.351
269.000,2200040269.628
270.000,2200040183.471
271.000,2200040102.780
272.000,2200040014.907
273.000,2200039932.362
274.000,2200039839.399
275.000,2200039749.090
276.000,2200039663.773
277.000,2200039571.544
278.000,2200039476.024
279.000,2200039381.120
280.000,2200039292.272
281.000,2200039202.153
282.000,2200039102.846
283.000,2200039000.790
284.000,2200038905.325
285.000,2200038818.262
286.000,2200038710.528
287.000,2200038608.899
288.000,2200038509.548
289.000,2200038404.670
290.000,2200038305.460
291.000,2200038197.418
292.000,2200038092.371
293.000,2200037980.944
294.000,2200037877.560
295.000,2200037766.991
296.000,2200037661.091
297.000,2200037546.672
298.000,2200037432.810
299.000,2200037309.429
300.000,2200037198.664
301.000,2200037080.212
302.000,2200036959.956
303.000,2200036840.255
304.000,2200036724.795
305.000,2200036595.496
306.000,2200036484.565
307.000,2200036364.990
308.000,2200036230.978
309.000,2200036103.264
310.000,2200035966.637
311.000,2200035842.053
312.000,2200035716.083
313.000,2200035583.241
314.000,2200035453.682
315.000,2200035311.244
316.000,2200035179.422
317.000,2200035035.333
318.000,2200034894.065
319.000,2200034757.748
320.000,2200034609.300
321.000,2200034463.156
322.000,2200034323.044
323.000,2200034175.525
324.000,2200034019.798
325.000,2200033874.642
326.000,2200033722.794
327.000,2200033574.796
328.000,2200033419.830
329.000,2200033263.387
330.000,2200033097.624
331.000,2200032935.954
332.000,2200032774.802
333.000,2200032619.009
334.000,2200032452.011
335.000,2200032286.217
336.000,2200032118.991
337.000,2200031940.670
338.000,2200031770.267
339.000,2200031594.305
340.000,2200031424.348
341.000,2200031243.592
342.000,2200031062.518
343.000,2200030890.783
344.000,2200030699.630
345.000,2200030517.250
346.000,2200030329.951
347.000,2200030142.385
348.000,2200029952.778
349.000,2200029755.506
350.000,2200029574.477
351.000,2200029364.002
352.000,2200029169.046
353.000,2200028974.369
354.000,2200028775.728
355.000,2200028565.035
356.000,2200028367.661
357.000,2200028160.108
358.000,2200027943.457
359.000,2200027742.964
360.000,2200027522.168
361.000,2200027299.982
362.000,2200027082.868
363.000,2200026871.133
364.000,2200026645.357
365.000,2200026422.335
366.000,2200026194.137
367.000,2200025974.231
368.000,2200025736.471
369.000,2200025509.097
370.000,2200025271.496
371.000,2200025039.448
372.000,2200024798.377
373.000,2200024558.885
374.000,2200024320.384
375.000,2200024068.955
376.000,2200023822.717
377.000,2200023574.718
378.000,2200023320.662
379.000,2200023072.383
380.000,2200022817.917
381.000,2200022557.268
382.000,2200022299.314
383.000,2200022030.315
384.000,2200021771.343
385.000,2200021510.785
386.000,2200021240.488
387.000,2200020971.188
388.000,2200020699.555
389.000,2200020418.598
390.000,2200020139.764
391.000,2200019867.587
392.000,2200019587.622
393.000,2200019311.081
394.000,2200019022.886
395.000,2200018730.927
396.000,2200018443.405
397.000,2200018145.174
398.000,2200017867.092
399.000,2200017565.061
400.000,2200017274.954
401.000,2200016969.198
402.000,2200016669.249
403.000,2200016376.847
404.000,2200016063.259
405.000,2200015754.960
406.000,2200015456.433
407.000,2200015144.259
408.000,2200014825.210
409.000,2200014518.827
410.000,2200014203.190
411.000,2200013886.195
412.000,2200013560.496
413.000,2200013247.026
414.000,2200012925.492
415.000,2200012601.520
416.000,2200012268.731
417.000,2200011949.482
418.000,2200011610.827
419.000,2200011291.587
420.000,2200010952.182
421.000,2200010625.066
422.000,2200010298.819
423.000,2200009963.378
424.000,2200009611.129
425.000,2200009288.476
426.000,2200008949.979
427.000,2200008601.189
428.000,2200008259.723
429.000,2200007923.602
430.000,2200007563.347
431.000,2200007226.675
432.000,2200006878.524
433.000,2200006534.425
434.000,2200006178.098
435.000,2200005844.164
436.000,2200005497.024
437.000,2200005147.746
438.000,2200004794.615
439.000,2200004444.058
440.000,2200004091.342
441.000,2200003735.823
442.000,2200003385.468
443.000,2200003021.461
444.000,2200002676.100
445.000,2200002321.554
446.000,2200001975.402
447.000,2200001611.961
448.000,2200001257.467
449.000,2200000908.483
450.000,2200000536.250
451.000,2200000195.832
452.000,2199999841.525
453.000,2199999486.488
454.000,2199999129.286
455.000,2199998764.607
456.000,2199998411.308
457.000,2199998053.881
458.000,2199997700.569
459.000,2199997354.636
460.000,2199996990.933
461.000,2199996646.486
462.000,2199996283.410
463.000,2199995939.725
464.000,2199995595.954
465.000,2199995235.839
466.000,2199994875.156
467.000,2199994526.857
468.000,2199994174.930
469.000,2199993839.638
470.000,2199993489.548
471.000,2199993144.181
472.000,2199992807.622
473.000,2199992453.023
474.000,2199992118.212
475.000,2199991765.733
476.000,2199991426.121
477.000,2199991083.148
478.000,2199990752.069
479.000,2199990410.465
480.000,2199990069.893
481.000,2199989743.355
482.000,2199989404.803
483.000,2199989069.234
484.000,2199988746.814
485.000,2199988407.088
486.000,2199988081.399
487.000,2199987744.717
488.000,2199987428.240
489.000,2199987113.065
490.000,2199986781.643
491.000,2199986463.388
492.000,2199986146.561
493.000,2199985820.711
494.000,2199985514.503
495.000,2199985209.823
496.000,2199984888.486
497.000,2199984582.085
498.000,2199984267.920
499.000,2199983964.964
500.000,2199983657.739
501.000,2199983356.838
502.000,2199983071.912
503.000,2199982769.570
504.000,2199982476.653
505.000,2199982172.623
506.000,2199981887.765
507.000,2199981587.923
508.000,2199981300.716
509.000,2199981024.151
510.000,2199980727.897
511.000,2199980454.858
512.000,2199980157.252
513.000,2199979886.226
514.000,2199979614.037
515.000,2199979341.054
516.000,2199979078.824
517.000,2199978801.892
518.000,2199978519.175
519.000,2199978262.672
520.000,2199978000.551
521.000,2199977748.229
522.000,2199977492.483
523.000,2199977223.490
524.000,2199976963.273
525.000,2199976722.937
526.000,2199976464.804
527.000,2199976219.958
528.000,2199975960.795
529.000,2199975738.738
530.000,2199975486.969
531.000,2199975247.302
532.000,2199975001.781
533.000,2199974786.064
534.000,2199974544.088
535.000,2199974297.390
536.000,2199974076.054
537.000,2199973849.696
538.000,2199973627.462
539.000,2199973405.175
540.000,2199973178.023
541.000,2199972962.428
542.000,2199972748.891
543.000,2199972541.962
544.000,2199972315.433
545.000,2199972111.945
546.000,2199971899.088
547.000,2199971685.504
548.000,2199971484.185
549.000,2199971288.970
550.000,2199971073.799
551.000,2199970878.306
552.000,2199970684.052
553.000,2199970492.680
554.000,2199970284.590
555.000,2199970096.769
556.000,2199969914.741
557.000,2199969712.627
558.000,2199969537.962
559.000,2199969349.261
560.000,2199969174.952
561.000,2199968997.466
562.000,2199968804.540
563.000,2199968638.922
564.000,2199968467.264
565.000,2199968297.372
566.000,2199968125.007
567.000,2199967944.937
568.000,2199967765.386
569.000,2199967620.952
570.000,2199967441.173
571.000,2199967281.472
572.000,2199967123.431
573.000,2199966956.566
574.000,2199966816.093
575.000,2199966644.137
576.000,2199966497.253
577.000,2199966347.040
578.000,2199966194.312
579.000,2199966033.345
580.000,2199965888.000
581.000,2199965730.336
582.000,2199965605.004
583.000,2199965464.617
584.000,2199965314.046
585.000,2199965176.353
586.000,2199965036.643
587.000,2199964890.812
588.000,2199964749.677
589.000,2199964620.201
590.000,2199964489.814
591.000,2199964364.550
592.000,2199964239.780
593.000,2199964105.310
594.000,2199963968.922
595.000,2199963844.815
596.000,2199963726.534
597.000,2199963605.486
598.000,2199963484.837
599.000,2199963347.328
600.000,2199963234.446
601.000,2199963120.829
602.000,2199962991.629
603.000,2199962872.472
604.000,2199962764.947
605.000,2199962647.913
606.000,2199962542.780
607.000,2199962433.218
608.000,2199962327.673
609.000,2199962199.050
610.000,2199962100.725
611.000,2199961996.063
612.000,2199961891.862
613.000,2199961775.741
614.000,2199961673.904
615.000,2199961573.326
616.000,2199961473.799
617.000,2199961375.289
618.000,2199961285.612
619.000,2199961181.113
620.000,2199961074.644
621.000,2199960982.607
622.000,2199960884.042
623.000,2199960799.045
624.000,2199960705.145
625.000,2199960614.677
626.000,2199960513.058
627.000,2199960441.449
628.000,2199960336.276
629.000,2199960254.810
630.000,2199960168.658
631.000,2199960083.381
632.000,2199960004.390
633.000,2199959920.629
634.000,2199959824.727
635.000,2199959742.445
636.000,2199959648.223
637.000,2199959570.543
638.000,2199959504.663
639.000,2199959426.013
640.000,2199959337.200
641.000,2199959263.306
642.000,2199959186.602
643.000,2199959113.296
644.000,2199959039.230
645.000,2199958966.971
646.000,2199958881.187
647.000,2199958811.405
648.000,2199958739.696
649.000,2199958670.947
650.000,2199958600.834
651.000,2199958530.807
652.000,2199958467.385
653.000,2199958398.910
654.000,2199958333.971
655.000,2199958269.884
656.000,2199958202.977
657.000,2199958140.377
658.000,2199958061.459
659.000,2199957999.937
660.000,2199957922.679
661.000,2199957860.711
662.000,2199957812.630
663.000,2199957738.489
664.000,2199957680.208
665.000,2199957623.175
666.000,2199957562.885
667.000,2199957522.039
668.000,2199957449.537
669.000,2199957389.375
670.000,2199957335.243
671.000,2199957279.549
672.000,2199957224.977
673.000,2199957158.620
674.000,2199957105.299
675.000,2199957061.455
676.000,2199956996.329
677.000,2199956945.759
678.000,2199956893.820
679.000,2199956840.985
680.000,2199956777.092
681.000,2199956743.257
682.000,2199956691.032
683.000,2199956645.375
684.000,2199956581.173
685.000,2199956533.570
686.000,2199956498.741
687.000,2199956439.346
688.000,2199956392.713
689.000,2199956345.687
690.000,2199956300.112
691.000,2199956254.958
692.000,2199956210.398
693.000,2199956168.823
694.000,2199956122.150
695.000,2199956078.276
696.000,2199956035.328
697.000,2199955979.017
698.000,2199955939.837
699.000,2199955894.770
700.000,2199955856.177
701.000,2199955827.986
702.000,2199955773.383
703.000,2199955733.118
704.000,2199955693.041
705.000,2199955653.317
706.000,2199955601.377
707.000,2199955577.184
708.000,2199955539.571
709.000,2199955488.358
710.000,2199955463.203
711.000,2199955424.669
712.000,2199955390.516
713.000,2199955340.391
714.000,2199955316.602
715.000,2199955279.930
716.000,2199955234.317
717.000,2199955198.897
718.000,2199955162.702
719.000,2199955131.338
720.000,2199955095.932
721.000,2199955061.369
722.000,2199955027.260
723.000,2199954996.170
724.000,2199954965.798
725.000,2199954931.798
726.000,2199954899.043
727.000,2199954865.704
728.000,2199954836.357
729.000,2199954804.172
730.000,2199954771.546
731.000,2199954731.140
732.000,2199954714.508
733.000,2199954671.200
734.000,2199954652.276
735.000,2199954624.565
736.000,2199954593.816
737.000,2199954554.519
738.000,2199954524.600
739.000,2199954509.786
740.000,2199954480.307
741.000,2199954445.357
742.000,2199954416.061
743.000,2199954398.994
744.000,2199954361.548
745.000,2199954336.469
746.000,2199954307.857
747.000,2199954295.370
748.000,2199954255.304
749.000,2199954242.806
750.000,2199954206.783
751.000,2199954194.752
752.000,2199954167.766
753.000,2199954128.657
754.000,2199954105.609
755.000,2199954082.338
756.000,2199954059.376
757.000,2199954036.647
758.000,2199954010.699
759.000,2199953988.497
760.000,2199953962.609
761.000,2199953940.913
762.000,2199953918.781
763.000,2199953897.304
764.000,2199953872.452
765.000,2199953851.171
766.000,2199953830.223
767.000,2199953808.968
768.000,2199953803.524
769.000,2199953767.630
770.000,2199953747.329
771.000,2199953727.033
772.000,2199953703.519
773.000,2199953687.011
774.000,2199953667.090
775.000,2199953644.291
776.000,2199953627.962
777.000,2199953608.812
778.000,2199953589.667
779.000,2199953567.230
780.000,2199953548.290
781.000,2199953540.861
782.000,2199953511.068
783.000,2199953495.910
784.000,2199953477.823
785.000,2199953459.539
786.000,2199953441.541
787.000,2199953431.557
788.000,2199953413.814
789.000,2199953399.683
790.000,2199953381.907
791.000,2199953364.852
792.000,2199953336.215
793.000,2199953322.458
794.000,2199953316.902
795.000,2199953288.666
796.000,2199953271.925
797.000,2199953262.917
798.000,2199953250.213
799.000,2199953222.385
800.000,2199953207.847
801.000,2199953202.852
802.000,2199953177.452
803.000,2199953172.797
804.000,2199953158.452
805.000,2199953144.797
806.000,2199953128.918
807.000,2199953104.058
808.000,2199953099.950
809.000,2199953086.196
810.000,2199953071.014
811.000,2199953057.553
812.000,2199953044.622
813.000,2199953029.456
814.000,2199953016.977
815.000,2199953003.652
816.000,2199952990.826
817.000,2199952978.095
818.000,2199952976.201
819.000,2199952951.273
820.000,2199952938.249
821.000,2199952926.446
822.000,2199952914.026
823.000,2199952901.832
824.000,2199952900.528
825.000,2199952888.490
826.000,2199952874.893
827.000,2199952862.742
828.000,2199952842.269
829.000,2199952841.165
830.000,2199952829.533
831.000,2199952820.102
832.000,2199952806.842
833.000,2199952797.030
834.000,2199952785.432
835.000,2199952774.453
836.000,2199952773.988
837.000,2199952763.006
838.000,2199952742.789
839.000,2199952742.779
840.000,2199952733.298
841.000,2199952722.694
842.000,2199952701.644
843.000,2199952692.482
844.000,2199952681.988
845.000,2199952682.319
846.000,2199952673.611
847.000,2199952663.163
848.000,2199952652.640
849.000,2199952646.193
850.000,2199952635.659
851.000,2199952625.717
852.000,2199952628.066
853.000,2199952619.772
854.000,2199952599.345
855.000,2199952591.047
856.000,2199952581.820
857.000,2199952583.838
858.000,2199952565.766
859.000,2199952555.870
860.000,2199952560.537
861.000,2199952540.585
862.000,2199952532.796
863.000,2199952535.439
864.000,2199952527.473
865.000,2199952520.547
866.000,2199952512.684
867.000,2199952503.429
868.000,2199952497.743
869.000,2199952490.759
870.000,2199952493.626
871.000,2199952475.836
872.000,2199952477.060
873.000,2199952461.714
874.000,2199952464.697
875.000,2199952457.479
876.000,2199952452.136
877.000,2199952445.511
878.000,2199952438.804
879.000,2199952432.007
880.000,2199952424.736
881.000,2199952428.415
882.000,2199952412.390
883.000,2199952406.406
884.000,2199952399.536
885.000,2199952403.987
886.000,2199952388.412
887.000,2199952392.790
888.000,2199952387.219
889.000,2199952380.939
890.000,2199952375.186
891.000,2199952369.462
892.000,2199952364.211
893.000,2199952359.728
894.000,2199952354.422
895.000,2199952348.725
896.000,2199952343.034
897.000,2199952338.422
898.000,2199952343.272
899.000,2199952337.778
900.000,2199952332.430
901.000,2199952329.193
902.000,2199952323.096
903.000,2199952318.991
904.000,2199952324.371
905.000,2199952310.877
906.000,2199952315.841
907.000,2199952310.658
908.000,2199952306.067
