Time(s),Frequency(Hz)
0.000,2200033335.835
1.000,2200033283.510
2.000,2200033230.496
3.000,2200033184.118
4.000,2200033131.017
5.000,2200033077.725
6.000,2200033030.526
7.000,2200032976.695
8.000,2200032937.174
9.000,2200032882.440
10.000,2200032828.441
11.000,2200032773.933
12.000,2200032719.223
13.000,2200032656.774
14.000,2200032608.308
15.000,2200032559.955
16.000,2200032495.897
17.000,2200032440.452
18.000,2200032404.352
19.000,2200032328.300
20.000,2200032291.721
21.000,2200032228.517
22.000,2200032164.408
23.000,2200032106.721
24.000,2200032058.032
25.000,2200032011.934
26.000,2200031954.205
27.000,2200031890.804
28.000,2200031837.775
29.000,2200031772.057
30.000,2200031712.805
31.000,2200031668.692
32.000,2200031603.228
33.000,2200031547.311
34.000,2200031484.458
35.000,2200031424.734
36.000,2200031363.082
37.000,2200031304.271
38.000,2200031247.615
39.000,2200031180.644
40.000,2200031122.671
41.000,2200031066.660
42.000,2200031011.191
43.000,2200030940.980
44.000,2200030892.404
45.000,2200030812.010
46.000,2200030754.865
47.000,2200030705.653
48.000,2200030629.791
49.000,2200030566.728
50.000,2200030503.424
51.000,2200030444.372
52.000,2200030381.210
53.000,2200030310.773
54.000,2200030246.805
55.000,2200030183.206
56.000,2200030123.113
57.000,2200030062.710
58.000,2200029986.781
59.000,2200029927.484
60.000,2200029860.995
61.000,2200029795.582
62.000,2200029723.369
63.000,2200029656.793
64.000,2200029587.231
65.000,2200029514.292
66.000,2200029461.299
67.000,2200029383.692
68.000,2200029324.703
69.000,2200029261.591
70.000,2200029184.863
71.000,2200029110.772
72.000,2200029037.541
73.000,2200028968.661
74.000,2200028916.278
75.000,2200028833.575
76.000,2200028768.089
77.000,2200028688.730
78.000,2200028618.150
79.000,2200028538.966
80.000,2200028480.524
81.000,2200028408.405
82.000,2200028329.020
83.000,2200028252.399
84.000,2200028180.488
85.000,2200028102.884
86.000,2200028030.089
87.000,2200027965.849
88.000,2200027883.297
89.000,2200027810.333
90.000,2200027740.663
91.000,2200027665.529
92.000,2200027587.312
93.000,2200027512.511
94.000,2200027442.282
95.000,2200027366.524
96.000,2200027274.696
97.000,2200027201.575
98.000,2200027125.998
99.000,2200027045.610
100.000,2200026967.481
101.000,2200026895.043
102.000,2200026804.065
103.000,2200026728.329
104.000,2200026658.080
105.000,2200026579.118
106.000,2200026488.357
107.000,2200026409.434
108.000,2200026330.204
109.000,2200026246.145
110.000,2200026163.543
111.000,2200026090.317
112.000,2200025994.504
113.000,2200025924.672
114.000,2200025843.969
115.000,2200025759.621
116.000,2200025669.412
117.000,2200025587.805
118.000,2200025504.818
119.000,2200025418.663
120.000,2200025326.486
121.000,2200025256.446
122.000,2200025157.347
123.000,2200025073.540
124.000,2200024992.121
125.000,2200024904.608
126.000,2200024807.848
127.000,2200024722.066
128.000,2200024649.709
129.000,2200024548.778
130.000,2200024465.297
131.000,2200024378.941
132.000,2200024279.309
133.000,2200024203.187
134.000,2200024111.288
135.000,2200024024.408
136.000,2200023931.270
137.000,2200023839.178
138.000,2200023748.330
139.000,2200023661.672
140.000,2200023570.582
141.000,2200023476.619
142.000,2200023378.788
143.000,2200023288.233
144.000,2200023197.714
145.000,2200023104.821
146.000,2200023010.109
147.000,2200022919.006
148.000,2200022817.758
149.000,2200022726.349
150.000,2200022619.084
151.000,2200022535.442
152.000,2200022433.611
153.000,2200022340.183
154.000,2200022255.545
155.000,2200022148.586
156.000,2200022056.612
157.000,2200021959.464
158.000,2200021854.374
159.000,2200021758.977
160.000,2200021660.112
161.000,2200021565.598
162.000,2200021465.790
163.000,2200021368.299
164.000,2200021260.314
165.000,2200021165.099
166.000,2200021064.174
167.000,2200020966.169
168.000,2200020859.004
169.000,2200020757.242
170.000,2200020658.991
171.000,2200020558.699
172.000,2200020448.368
173.000,2200020348.005
174.000,2200020246.577
175.000,2200020135.746
176.000,2200020034.773
177.000,2200019932.504
178.000,2200019829.156
179.000,2200019726.658
180.000,2200019615.142
181.000,2200019520.513
182.000,2200019407.056
183.000,2200019303.766
184.000,2200019198.552
185.000,2200019085.002
186.000,2200018980.306
187.000,2200018874.307
188.000,2200018769.767
189.000,2200018662.270
190.000,2200018547.820
191.000,2200018441.395
192.000,2200018333.728
193.000,2200018219.040
194.000,2200018110.363
195.000,2200018002.118
196.000,2200017894.615
197.000,2200017786.770
198.000,2200017667.459
199.000,2200017549.708
200.000,2200017449.418
201.000,2200017339.574
202.000,2200017221.082
203.000,2200017101.146
204.000,2200016990.197
205.000,2200016888.681
206.000,2200016768.683
207.000,2200016648.695
208.000,2200016544.732
209.000,2200016424.924
210.000,2200016311.937
211.000,2200016198.923
212.000,2200016076.689
213.000,2200015954.864
214.000,2200015842.018
215.000,2200015726.645
216.000,2200015613.585
217.000,2200015489.852
218.000,2200015383.733
219.000,2200015260.057
220.000,2200015144.879
221.000,2200015029.918
222.000,2200014903.992
223.000,2200014788.826
224.000,2200014671.297
225.000,2200014554.618
226.000,2200014429.515
227.000,2200014311.905
228.000,2200014186.277
229.000,2200014067.730
230.000,2200013941.109
231.000,2200013831.428
232.000,2200013703.903
233.000,2200013576.068
234.000,2200013466.432
235.000,2200013338.716
236.000,2200013218.307
237.000,2200013098.778
238.000,2200012968.768
239.000,2200012840.885
240.000,2200012728.349
241.000,2200012598.048
242.000,2200012477.859
243.000,2200012346.665
244.000,2200012216.372
245.000,2200012103.490
246.000,2200011972.704
247.000,2200011849.530
248.000,2200011718.905
249.000,2200011597.014
250.000,2200011473.417
251.000,2200011341.027
252.000,2200011217.761
253.000,2200011094.191
254.000,2200010961.635
255.000,2200010837.248
256.000,2200010704.974
257.000,2200010577.967
258.000,2200010454.645
259.000,2200010320.948
260.000,2200010195.942
261.000,2200010070.749
262.000,2200009935.861
263.000,2200009809.265
264.000,2200009682.436
265.000,2200009548.534
266.000,2200009420.902
267.000,2200009287.431
268.000,2200009159.010
269.000,2200009031.525
270.000,2200008896.778
271.000,2200008770.391
272.000,2200008635.336
273.000,2200008504.405
274.000,2200008378.676
275.000,2200008241.943
276.000,2200008104.624
277.000,2200007974.821
278.000,2200007839.356
279.000,2200007712.124
280.000,2200007581.649
281.000,2200007451.896
282.000,2200007323.434
283.000,2200007188.162
284.000,2200007048.333
285.000,2200006910.789
286.000,2200006780.515
287.000,2200006648.702
288.000,2200006521.324
289.000,2200006379.575
290.000,2200006242.817
291.000,2200006110.297
292.000,2200005972.925
293.000,2200005841.702
294.000,2200005708.672
295.000,2200005571.828
296.000,2200005437.712
297.000,2200005301.099
298.000,2200005179.528
299.000,2200005035.085
300.000,2200004899.760
301.000,2200004757.896
302.000,2200004627.956
303.000,2200004494.213
304.000,2200004353.798
305.000,2200004221.767
306.000,2200004079.703
307.000,2200003940.607
308.000,2200003811.307
309.000,2200003677.307
310.000,2200003537.662
311.000,2200003404.224
312.000,2200003273.981
313.000,2200003130.447
314.000,2200002986.884
315.000,2200002857.280
316.000,2200002717.721
317.000,2200002582.996
318.000,2200002445.065
319.000,2200002308.086
320.000,2200002177.758
321.000,2200002026.484
322.000,2200001895.349
323.000,2200001760.206
324.000,2200001628.996
325.000,2200001491.028
326.000,2200001346.382
327.000,2200001215.895
328.000,2200001083.877
329.000,2200000937.633
330.000,2200000797.768
331.000,2200000656.309
332.000,2200000531.279
333.000,2200000390.663
334.000,2200000247.253
335.000,2200000106.656
336.000,2199999973.044
337.000,2199999833.247
338.000,2199999701.974
339.000,2199999559.526
340.000,2199999427.916
341.000,2199999288.992
342.000,2199999158.912
343.000,2199999010.880
344.000,2199998884.004
345.000,2199998741.728
346.000,2199998610.701
347.000,2199998466.191
348.000,2199998331.214
349.000,2199998195.904
350.000,2199998054.585
351.000,2199997923.398
352.000,2199997789.811
353.000,2199997637.473
354.000,2199997511.752
355.000,2199997370.352
356.000,2199997239.108
357.000,2199997098.218
358.000,2199996954.118
359.000,2199996828.887
360.000,2199996693.575
361.000,2199996557.365
362.000,2199996416.497
363.000,2199996285.799
364.000,2199996148.408
365.000,2199996006.707
366.000,2199995863.876
367.000,2199995742.491
368.000,2199995607.130
369.000,2199995469.528
370.000,2199995336.898
371.000,2199995200.259
372.000,2199995064.739
373.000,2199994928.006
374.000,2199994796.187
375.000,2199994653.808
376.000,2199994517.069
377.000,2199994382.633
378.000,2199994257.549
379.000,2199994114.982
380.000,2199993987.626
381.000,2199993856.254
382.000,2199993720.357
383.000,2199993586.923
384.000,2199993445.603
385.000,2199993313.122
386.000,2199993179.832
387.000,2199993056.196
388.000,2199992920.878
389.000,2199992782.996
390.000,2199992651.197
391.000,2199992524.727
392.000,2199992393.684
393.000,2199992250.012
394.000,2199992121.590
395.000,2199991998.291
396.000,2199991873.733
397.000,2199991734.278
398.000,2199991594.969
399.000,2199991471.456
400.000,2199991331.788
401.000,2199991213.802
402.000,2199991082.296
403.000,2199990947.255
404.000,2199990821.496
405.000,2199990686.512
406.000,2199990556.354
407.000,2199990427.725
408.000,2199990306.766
409.000,2199990176.445
410.000,2199990038.298
411.000,2199989912.251
412.000,2199989792.850
413.000,2199989658.318
414.000,2199989535.755
415.000,2199989410.103
416.000,2199989273.421
417.000,2199989159.230
418.000,2199989023.310
419.000,2199988897.937
420.000,2199988777.005
421.000,2199988645.124
422.000,2199988517.747
423.000,2199988396.162
424.000,2199988270.094
425.000,2199988152.650
426.000,2199988018.803
427.000,2199987895.493
428.000,2199987773.123
429.000,2199987650.680
430.000,2199987527.501
431.000,2199987409.779
432.000,2199987280.239
433.000,2199987162.143
434.000,2199987037.475
435.000,2199986912.662
436.000,2199986792.157
437.000,2199986671.280
438.000,2199986547.910
439.000,2199986427.223
440.000,2199986300.774
441.000,2199986188.632
442.000,2199986065.648
443.000,2199985950.613
444.000,2199985824.579
445.000,2199985710.327
446.000,2199985584.478
447.000,2199985474.282
448.000,2199985356.885
449.000,2199985228.607
450.000,2199985118.947
451.000,2199984994.814
452.000,2199984879.234
453.000,2199984758.622
454.000,2199984647.679
455.000,2199984524.692
456.000,2199984420.035
457.000,2199984305.315
458.000,2199984190.908
459.000,2199984069.718
460.000,2199983962.292
461.000,2199983834.995
462.000,2199983724.764
463.000,2199983611.386
464.000,2199983503.021
465.000,2199983383.256
466.000,2199983271.627
467.000,2199983162.000
468.000,2199983044.404
469.000,2199982932.753
470.000,2199982821.654
471.000,2199982711.255
472.000,2199982601.181
473.000,2199982491.738
474.000,2199982388.474
475.000,2199982265.512
476.000,2199982162.852
477.000,2199982057.936
478.000,2199981946.490
479.000,2199981838.641
480.000,2199981723.362
481.000,2199981615.827
482.000,2199981516.244
483.000,2199981404.494
484.000,2199981303.079
485.000,2199981197.143
486.000,2199981091.530
487.000,2199980978.391
488.000,2199980873.102
489.000,2199980764.434
490.000,2199980670.684
491.000,2199980559.375
492.000,2199980456.754
493.000,2199980345.469
494.000,2199980248.929
495.000,2199980142.967
496.000,2199980029.655
497.000,2199979933.421
498.000,2199979837.038
499.000,2199979735.311
500.000,2199979634.204
501.000,2199979528.605
502.000,2199979432.978
503.000,2199979333.148
504.000,2199979224.670
505.000,2199979130.661
506.000,2199979037.223
507.000,2199978925.645
508.000,2199978832.027
509.000,2199978741.954
510.000,2199978629.977
511.000,2199978531.836
512.000,2199978441.417
513.000,2199978348.914
514.000,2199978252.621
515.000,2199978150.186
516.000,2199978065.464
517.000,2199977950.431
518.000,2199977863.503
519.000,2199977769.096
520.000,2199977676.402
521.000,2199977582.642
522.000,2199977482.621
523.000,2199977391.489
524.000,2199977298.104
525.000,2199977204.751
526.000,2199977115.170
527.000,2199977024.776
528.000,2199976933.240
529.000,2199976841.164
530.000,2199976741.334
531.000,2199976661.155
532.000,2199976564.582
533.000,2199976476.974
534.000,2199976386.197
535.000,2199976299.514
536.000,2199976203.807
537.000,2199976117.222
538.000,2199976019.853
539.000,2199975933.897
540.000,2199975848.537
541.000,2199975765.728
542.000,2199975675.516
543.000,2199975590.284
544.000,2199975506.195
545.000,2199975425.117
546.000,2199975332.946
547.000,2199975243.768
548.000,2199975157.633
549.000,2199975075.373
550.000,2199974989.575
551.000,2199974907.659
552.000,2199974825.788
553.000,2199974732.907
554.000,2199974660.186
555.000,2199974564.875
556.000,2199974484.778
557.000,2199974409.431
558.000,2199974324.435
559.000,2199974253.035
560.000,2199974170.808
561.000,2199974083.115
562.000,2199974004.045
563.000,2199973926.069
564.000,2199973841.937
565.000,2199973761.347
566.000,2199973692.094
567.000,2199973609.434
568.000,2199973523.811
569.000,2199973444.226
570.000,2199973379.604
571.000,2199973294.331
572.000,2199973219.031
573.000,2199973137.726
574.000,2199973062.762
575.000,2199972993.068
576.000,2199972904.522
577.000,2199972830.418
578.000,2199972764.525
579.000,2199972682.568
580.000,2199972608.567
581.000,2199972544.303
582.000,2199972462.678
583.000,2199972392.997
584.000,2199972321.281
585.000,2199972243.227
586.000,2199972171.941
587.000,2199972103.610
588.000,2199972028.954
589.000,2199971952.981
590.000,2199971885.324
591.000,2199971814.938
592.000,2199971735.839
593.000,2199971664.549
594.000,2199971608.200
595.000,2199971539.391
596.000,2199971462.167
597.000,2199971396.462
598.000,2199971319.223
599.000,2199971262.583
600.000,2199971183.928
601.000,2199971115.772
602.000,2199971052.783
603.000,2199970982.113
604.000,2199970915.917
605.000,2199970858.087
606.000,2199970780.572
607.000,2199970714.715
608.000,2199970651.514
609.000,2199970584.050
610.000,2199970518.265
611.000,2199970454.209
612.000,2199970389.410
613.000,2199970325.658
614.000,2199970261.598
615.000,2199970197.917
616.000,2199970132.288
617.000,2199970071.444
618.000,2199970006.097
619.000,2199969946.224
620.000,2199969883.440
621.000,2199969818.622
622.000,2199969762.444
623.000,2199969695.409
624.000,2199969625.269
625.000,2199969573.691
626.000,2199969512.375
627.000,2199969454.491
628.000,2199969385.813
629.000,2199969331.591
630.000,2199969266.067
631.000,2199969215.333
632.000,2199969147.065
633.000,2199969088.222
634.000,2199969040.851
635.000,2199968979.485
636.000,2199968923.762
637.000,2199968860.928
638.000,2199968805.243
639.000,2199968748.515
640.000,2199968693.510
641.000,2199968628.001
642.000,2199968570.405
643.000,2199968514.188
644.000,2199968467.242
645.000,2199968413.171
646.000,2199968345.971
647.000,2199968293.554
648.000,2199968244.240
649.000,2199968191.491
650.000,2199968130.139
651.000,2199968073.916
652.000,2199968018.094
653.000,2199967973.408
654.000,2199967924.657
655.000,2199967862.571
656.000,2199967805.990
657.000,2199967752.959
658.000,2199967702.159
659.000,2199967649.357
660.000,2199967597.390
661.000,2199967546.812
662.000,2199967504.082
663.000,2199967450.169
664.000,2199967391.818
665.000,2199967349.321
666.000,2199967289.220
667.000,2199967247.546
668.000,2199967189.613
669.000,2199967148.346
670.000,2199967097.883
671.000,2199967049.749
672.000,2199967003.295
673.000,2199966953.650
674.000,2199966904.400
675.000,2199966844.459
676.000,2199966806.120
677.000,2199966758.964
