Time(s),Frequency(Hz)
0.000,2200028087.801
1.000,2200028027.876
2.000,2200027968.709
3.000,2200027908.571
4.000,2200027855.978
5.000,2200027786.027
6.000,2200027725.829
7.000,2200027672.783
8.000,2200027602.747
9.000,2200027548.199
10.000,2200027479.021
11.000,2200027415.780
12.000,2200027354.198
13.000,2200027291.231
14.000,2200027227.779
15.000,2200027164.597
16.000,2200027102.376
17.000,2200027037.301
18.000,2200026972.502
19.000,2200026908.884
20.000,2200026837.019
21.000,2200026780.602
22.000,2200026715.377
23.000,2200026650.409
24.000,2200026576.384
25.000,2200026519.918
26.000,2200026452.904
27.000,2200026387.437
28.000,2200026313.243
29.000,2200026245.940
30.000,2200026188.638
31.000,2200026113.054
32.000,2200026045.315
33.000,2200025976.091
34.000,2200025909.611
35.000,2200025841.397
36.000,2200025782.539
37.000,2200025705.581
38.000,2200025636.190
39.000,2200025566.320
40.000,2200025499.024
41.000,2200025428.448
42.000,2200025358.603
43.000,2200025288.755
44.000,2200025218.641
45.000,2200025147.599
46.000,2200025076.312
47.000,2200025005.025
48.000,2200024926.259
49.000,2200024862.991
50.000,2200024788.461
51.000,2200024717.991
52.000,2200024646.212
53.000,2200024572.248
54.000,2200024492.894
55.000,2200024427.126
56.000,2200024345.702
57.000,2200024272.164
58.000,2200024198.207
59.000,2200024125.696
60.000,2200024048.071
61.000,2200023975.088
62.000,2200023900.663
63.000,2200023823.717
64.000,2200023749.529
65.000,2200023674.925
66.000,2200023590.597
67.000,2200023513.195
68.000,2200023437.647
69.000,2200023360.448
70.000,2200023285.923
71.000,2200023204.837
72.000,2200023128.871
73.000,2200023051.894
74.000,2200022972.734
75.000,2200022886.200
76.000,2200022808.788
77.000,2200022740.433
78.000,2200022656.478
79.000,2200022579.835
80.000,2200022501.209
81.000,2200022420.269
82.000,2200022333.415
83.000,2200022259.990
84.000,2200022173.900
85.000,2200022090.452
86.000,2200022008.774
87.000,2200021928.214
88.000,2200021837.774
89.000,2200021757.287
90.000,2200021684.531
91.000,2200021590.809
92.000,2200021509.044
93.000,2200021435.133
94.000,2200021342.374
95.000,2200021260.720
96.000,2200021175.925
97.000,2200021082.959
98.000,2200021002.037
99.000,2200020924.078
100.000,2200020837.847
101.000,2200020746.052
102.000,2200020659.030
103.000,2200020575.178
104.000,2200020488.298
105.000,2200020403.017
106.000,2200020314.386
107.000,2200020230.125
108.000,2200020136.702
109.000,2200020051.046
110.000,2200019959.509
111.000,2200019873.629
112.000,2200019784.783
113.000,2200019694.616
114.000,2200019599.714
115.000,2200019511.458
116.000,2200019424.122
117.000,2200019332.642
118.000,2200019244.239
119.000,2200019157.471
120.000,2200019065.499
121.000,2200018969.007
122.000,2200018879.072
123.000,2200018786.913
124.000,2200018704.106
125.000,2200018606.702
126.000,2200018513.176
127.000,2200018420.749
128.000,2200018332.102
129.000,2200018229.640
130.000,2200018137.097
131.000,2200018044.992
132.000,2200017952.060
133.000,2200017860.061
134.000,2200017765.975
135.000,2200017670.112
136.000,2200017569.613
137.000,2200017473.841
138.000,2200017381.644
139.000,2200017285.367
140.000,2200017191.400
141.000,2200017093.992
142.000,2200017001.532
143.000,2200016897.768
144.000,2200016801.938
145.000,2200016706.495
146.000,2200016608.430
147.000,2200016510.972
148.000,2200016408.111
149.000,2200016312.343
150.000,2200016214.518
151.000,2200016107.619
152.000,2200016017.793
153.000,2200015912.639
154.000,2200015815.405
155.000,2200015716.436
156.000,2200015619.055
157.000,2200015515.806
158.000,2200015418.262
159.000,2200015312.396
160.000,2200015212.919
161.000,2200015113.767
162.000,2200015009.602
163.000,2200014912.747
164.000,2200014809.587
165.000,2200014703.079
166.000,2200014601.309
167.000,2200014493.241
168.000,2200014392.522
169.000,2200014290.741
170.000,2200014186.136
171.000,2200014087.678
172.000,2200013980.805
173.000,2200013879.277
174.000,2200013769.789
175.000,2200013661.556
176.000,2200013564.535
177.000,2200013451.720
178.000,2200013356.311
179.000,2200013242.725
180.000,2200013142.185
181.000,2200013031.359
182.000,2200012921.518
183.000,2200012823.835
184.000,2200012713.194
185.000,2200012605.313
186.000,2200012501.938
187.000,2200012389.308
188.000,2200012285.263
189.000,2200012176.517
190.000,2200012065.753
191.000,2200011958.367
192.000,2200011851.764
193.000,2200011738.051
194.000,2200011637.309
195.000,2200011523.557
196.000,2200011421.711
197.000,2200011307.941
198.000,2200011199.164
199.000,2200011086.455
200.000,2200010982.696
201.000,2200010867.570
202.000,2200010758.700
203.000,2200010642.905
204.000,2200010534.351
205.000,2200010424.252
206.000,2200010311.699
207.000,2200010203.661
208.000,2200010092.000
209.000,2200009977.306
210.000,2200009866.358
211.000,2200009755.161
212.000,2200009643.818
213.000,2200009527.464
214.000,2200009416.117
215.000,2200009308.193
216.000,2200009193.585
217.000,2200009081.705
218.000,2200008968.994
219.000,2200008855.379
220.000,2200008736.313
221.000,2200008623.804
222.000,2200008511.474
223.000,2200008397.295
224.000,2200008291.434
225.000,2200008171.337
226.000,2200008051.760
227.000,2200007937.691
228.000,2200007823.736
229.000,2200007708.999
230.000,2200007595.427
231.000,2200007481.695
232.000,2200007360.701
233.000,2200007245.979
234.000,2200007136.164
235.000,2200007021.156
236.000,2200006905.040
237.000,2200006790.477
238.000,2200006670.106
239.000,2200006553.630
240.000,2200006438.300
241.000,2200006322.097
242.000,2200006199.082
243.000,2200006089.533
244.000,2200005968.513
245.000,2200005856.790
246.000,2200005739.441
247.000,2200005623.225
248.000,2200005500.902
249.000,2200005382.480
250.000,2200005270.963
251.000,2200005150.524
252.000,2200005027.147
253.000,2200004914.664
254.000,2200004796.428
255.000,2200004681.631
256.000,2200004559.711
257.000,2200004445.083
258.000,2200004315.130
259.000,2200004204.122
260.000,2200004089.063
261.000,2200003965.006
262.000,2200003851.442
263.000,2200003729.657
264.000,2200003608.816
265.000,2200003488.811
266.000,2200003372.936
267.000,2200003245.356
268.000,2200003137.649
269.000,2200003013.497
270.000,2200002896.218
271.000,2200002777.189
272.000,2200002656.611
273.000,2200002538.231
274.000,2200002418.261
275.000,2200002299.479
276.000,2200002176.302
277.000,2200002064.914
278.000,2200001934.647
279.000,2200001819.719
280.000,2200001706.228
281.000,2200001585.450
282.000,2200001466.544
283.000,2200001346.043
284.000,2200001226.763
285.000,2200001106.919
286.000,2200000985.527
287.000,2200000861.110
288.000,2200000741.824
289.000,2200000627.340
290.000,2200000503.549
291.000,2200000387.659
292.000,2200000264.190
293.000,2200000147.570
294.000,2200000027.408
295.000,2199999909.476
296.000,2199999781.328
297.000,2199999663.296
298.000,2199999544.530
299.000,2199999420.931
300.000,2199999304.412
301.000,2199999190.570
302.000,2199999065.818
303.000,2199998941.080
304.000,2199998826.492
305.000,2199998701.426
306.000,2199998584.331
307.000,2199998462.465
308.000,2199998344.784
309.000,2199998222.919
310.000,2199998102.076
311.000,2199997986.678
312.000,2199997865.604
313.000,2199997741.666
314.000,2199997623.154
315.000,2199997509.532
316.000,2199997384.080
317.000,2199997271.309
318.000,2199997153.022
319.000,2199997028.470
320.000,2199996911.440
321.000,2199996786.611
322.000,2199996673.241
323.000,2199996548.147
324.000,2199996432.078
325.000,2199996303.437
326.000,2199996186.695
327.000,2199996072.775
328.000,2199995952.839
329.000,2199995839.418
330.000,2199995721.656
331.000,2199995588.985
332.000,2199995474.976
333.000,2199995369.399
334.000,2199995244.768
335.000,2199995108.899
336.000,2199995009.864
337.000,2199994895.824
338.000,2199994769.366
339.000,2199994649.749
340.000,2199994534.098
341.000,2199994418.189
342.000,2199994291.179
343.000,2199994175.666
344.000,2199994073.823
345.000,2199993945.106
346.000,2199993828.960
347.000,2199993711.469
348.000,2199993599.077
349.000,2199993481.466
350.000,2199993354.945
351.000,2199993251.529
352.000,2199993123.324
353.000,2199993013.208
354.000,2199992896.994
355.000,2199992779.788
356.000,2199992653.701
357.000,2199992556.633
358.000,2199992425.320
359.000,2199992312.203
360.000,2199992195.492
361.000,2199992072.905
362.000,2199991968.979
363.000,2199991858.119
364.000,2199991740.099
365.000,2199991617.299
366.000,2199991502.469
367.000,2199991388.794
368.000,2199991277.161
369.000,2199991163.734
370.000,2199991052.024
371.000,2199990937.629
372.000,2199990825.398
373.000,2199990716.122
374.000,2199990601.437
375.000,2199990477.903
376.000,2199990378.472
377.000,2199990252.940
378.000,2199990139.717
379.000,2199990028.457
380.000,2199989917.321
381.000,2199989806.626
382.000,2199989681.498
383.000,2199989585.822
384.000,2199989474.046
385.000,2199989366.038
386.000,2199989255.793
387.000,2199989127.486
388.000,2199989017.173
389.000,2199988906.707
390.000,2199988798.661
391.000,2199988703.818
392.000,2199988595.108
393.000,2199988470.718
394.000,2199988362.746
395.000,2199988251.255
396.000,2199988142.141
397.000,2199988035.184
398.000,2199987926.466
399.000,2199987816.788
400.000,2199987711.094
401.000,2199987602.205
402.000,2199987480.322
403.000,2199987388.723
404.000,2199987264.176
405.000,2199987157.839
406.000,2199987064.711
407.000,2199986941.907
408.000,2199986835.332
409.000,2199986745.871
410.000,2199986624.444
411.000,2199986531.680
412.000,2199986428.813
413.000,2199986306.723
414.000,2199986200.916
415.000,2199986094.948
416.000,2199985989.829
417.000,2199985900.015
418.000,2199985781.287
419.000,2199985676.944
420.000,2199985571.290
421.000,2199985467.486
422.000,2199985363.036
423.000,2199985258.823
424.000,2199985155.210
425.000,2199985051.045
426.000,2199984947.971
427.000,2199984844.473
428.000,2199984758.041
429.000,2199984656.866
430.000,2199984538.325
431.000,2199984452.022
432.000,2199984333.900
433.000,2199984248.304
434.000,2199984145.841
435.000,2199984045.160
436.000,2199983943.559
437.000,2199983842.556
438.000,2199983725.760
439.000,2199983641.187
440.000,2199983525.196
441.000,2199983424.193
442.000,2199983341.193
443.000,2199983240.814
444.000,2199983141.837
445.000,2199983042.436
446.000,2199982943.528
447.000,2199982845.252
448.000,2199982745.694
449.000,2199982648.263
450.000,2199982549.538
451.000,2199982468.419
452.000,2199982354.253
453.000,2199982255.118
454.000,2199982176.253
455.000,2199982060.992
456.000,2199981966.514
457.000,2199981883.869
458.000,2199981772.327
459.000,2199981677.298
460.000,2199981596.187
461.000,2199981500.875
462.000,2199981405.433
463.000,2199981310.551
464.000,2199981231.542
465.000,2199981119.796
466.000,2199981041.695
467.000,2199980933.278
468.000,2199980853.294
469.000,2199980741.740
470.000,2199980667.189
471.000,2199980573.557
472.000,2199980478.834
473.000,2199980387.193
474.000,2199980310.361
475.000,2199980218.475
476.000,2199980125.608
477.000,2199980032.835
478.000,2199979942.198
479.000,2199979850.754
480.000,2199979759.323
481.000,2199979666.203
482.000,2199979577.701
483.000,2199979486.057
484.000,2199979396.733
485.000,2199979306.529
486.000,2199979234.636
487.000,2199979141.712
488.000,2199979053.362
489.000,2199978963.242
490.000,2199978875.015
491.000,2199978803.634
492.000,2199978713.827
493.000,2199978625.454
494.000,2199978537.448
495.000,2199978451.193
496.000,2199978364.053
497.000,2199978277.536
498.000,2199978189.679
499.000,2199978101.368
500.000,2199978014.741
501.000,2199977945.098
502.000,2199977858.983
503.000,2199977773.556
504.000,2199977686.687
505.000,2199977600.549
506.000,2199977535.015
507.000,2199977430.944
508.000,2199977364.574
509.000,2199977280.189
510.000,2199977196.447
511.000,2199977128.541
512.000,2199977026.654
513.000,2199976960.718
514.000,2199976860.448
515.000,2199976794.266
516.000,2199976713.078
517.000,2199976629.172
518.000,2199976563.384
519.000,2199976482.184
520.000,2199976399.771
521.000,2199976316.498
522.000,2199976235.612
523.000,2199976154.651
524.000,2199976090.656
525.000,2199976009.810
526.000,2199975930.255
527.000,2199975849.534
528.000,2199975770.454
529.000,2199975688.458
530.000,2199975624.586
531.000,2199975546.837
532.000,2199975466.656
533.000,2199975405.177
534.000,2199975310.668
535.000,2199975248.669
536.000,2199975171.079
537.000,2199975093.473
538.000,2199975031.473
539.000,2199974955.684
540.000,2199974877.696
541.000,2199974801.632
542.000,2199974739.491
543.000,2199974648.880
544.000,2199974589.407
545.000,2199974509.008
546.000,2199974434.796
547.000,2199974359.347
548.000,2199974282.660
549.000,2199974226.522
550.000,2199974168.068
551.000,2199974076.499
552.000,2199974017.784
553.000,2199973943.899
554.000,2199973871.277
555.000,2199973795.009
556.000,2199973740.405
557.000,2199973666.708
558.000,2199973612.534
559.000,2199973518.442
560.000,2199973464.202
561.000,2199973393.090
562.000,2199973320.872
563.000,2199973248.521
564.000,2199973195.629
565.000,2199973121.364
566.000,2199973047.867
567.000,2199972993.959
568.000,2199972921.971
569.000,2199972851.634
570.000,2199972801.220
571.000,2199972726.704
572.000,2199972660.271
573.000,2199972590.122
574.000,2199972522.795
575.000,2199972466.986
576.000,2199972400.430
577.000,2199972347.646
578.000,2199972278.566
579.000,2199972211.892
580.000,2199972141.046
581.000,2199972075.128
582.000,2199972023.047
583.000,2199971959.971
584.000,2199971887.195
