Time(s),Frequency(Hz)
0.000,2200046335.461
1.000,2200046328.417
2.000,2200046326.261
3.000,2200046318.866
4.000,2200046311.413
5.000,2200046301.797
6.000,2200046293.582
7.000,2200046273.174
8.000,2200046263.657
9.000,2200046265.311
10.000,2200046252.694
11.000,2200046244.849
12.000,2200046236.157
13.000,2200046226.248
14.000,2200046215.095
15.000,2200046204.425
16.000,2200046193.944
17.000,2200046183.812
18.000,2200046174.750
19.000,2200046173.358
20.000,2200046164.176
21.000,2200046152.750
22.000,2200046139.642
23.000,2200046131.561
24.000,2200046120.358
25.000,2200046107.894
26.000,2200046099.088
27.000,2200046086.623
28.000,2200046073.526
29.000,2200046073.903
30.000,2200046049.847
31.000,2200046040.171
32.000,2200046037.956
33.000,2200046025.877
34.000,2200046013.726
35.000,2200046000.717
36.000,2200045989.348
37.000,2200045976.694
38.000,2200045965.696
39.000,2200045951.072
40.000,2200045948.511
41.000,2200045925.395
42.000,2200045922.302
43.000,2200045909.615
44.000,2200045885.934
45.000,2200045882.918
46.000,2200045869.552
47.000,2200045856.137
48.000,2200045842.492
49.000,2200045818.610
50.000,2200045812.649
51.000,2200045800.882
52.000,2200045787.173
53.000,2200045772.394
54.000,2200045756.480
55.000,2200045740.339
56.000,2200045727.840
57.000,2200045712.979
58.000,2200045706.677
59.000,2200045682.058
60.000,2200045666.613
61.000,2200045662.350
62.000,2200045636.553
63.000,2200045631.813
64.000,2200045614.047
65.000,2200045586.088
66.000,2200045581.380
67.000,2200045565.223
68.000,2200045549.556
69.000,2200045531.532
70.000,2200045515.347
71.000,2200045499.050
72.000,2200045480.860
73.000,2200045464.291
74.000,2200045456.035
75.000,2200045428.934
76.000,2200045411.557
77.000,2200045392.768
78.000,2200045375.656
79.000,2200045368.539
80.000,2200045338.885
81.000,2200045319.170
82.000,2200045301.678
83.000,2200045281.519
84.000,2200045273.991
85.000,2200045255.811
86.000,2200045235.601
87.000,2200045216.958
88.000,2200045196.335
89.000,2200045177.735
90.000,2200045156.591
91.000,2200045137.559
92.000,2200045105.792
93.000,2200045095.136
94.000,2200045073.772
95.000,2200045055.397
96.000,2200045034.067
97.000,2200045011.760
98.000,2200044990.099
99.000,2200044967.666
100.000,2200044945.296
101.000,2200044925.993
102.000,2200044903.079
103.000,2200044880.555
104.000,2200044857.129
105.000,2200044834.227
106.000,2200044810.644
107.000,2200044787.045
108.000,2200044766.399
109.000,2200044742.463
110.000,2200044718.416
111.000,2200044693.764
112.000,2200044669.578
113.000,2200044644.515
114.000,2200044619.775
115.000,2200044594.652
116.000,2200044569.354
117.000,2200044547.148
118.000,2200044521.046
119.000,2200044492.464
120.000,2200044479.983
121.000,2200044442.933
122.000,2200044416.435
123.000,2200044389.651
124.000,2200044373.733
125.000,2200044335.339
126.000,2200044308.318
127.000,2200044280.417
128.000,2200044252.833
129.000,2200044224.673
130.000,2200044196.713
131.000,2200044167.945
132.000,2200044139.200
133.000,2200044110.558
134.000,2200044081.015
135.000,2200044051.951
136.000,2200044022.144
137.000,2200043992.296
138.000,2200043962.224
139.000,2200043931.728
140.000,2200043901.379
141.000,2200043870.072
142.000,2200043839.244
143.000,2200043819.325
144.000,2200043775.986
145.000,2200043741.894
146.000,2200043711.949
147.000,2200043688.498
148.000,2200043644.198
149.000,2200043611.691
150.000,2200043577.805
151.000,2200043544.609
152.000,2200043510.971
153.000,2200043465.277
154.000,2200043442.689
155.000,2200043405.453
156.000,2200043370.731
157.000,2200043335.003
158.000,2200043299.953
159.000,2200043263.633
160.000,2200043227.436
161.000,2200043179.872
162.000,2200043153.993
163.000,2200043117.704
164.000,2200043077.676
165.000,2200043040.411
166.000,2200043001.877
167.000,2200042952.081
168.000,2200042911.288
169.000,2200042883.813
170.000,2200042844.624
171.000,2200042793.171
172.000,2200042762.781
173.000,2200042713.009
174.000,2200042670.418
175.000,2200042629.640
176.000,2200042588.121
177.000,2200042546.457
178.000,2200042501.817
179.000,2200042459.676
180.000,2200042416.601
181.000,2200042371.371
182.000,2200042327.801
183.000,2200042272.146
184.000,2200042237.820
185.000,2200042192.782
186.000,2200042148.153
187.000,2200042100.473
188.000,2200042055.970
189.000,2200041996.979
190.000,2200041961.421
191.000,2200041902.690
192.000,2200041853.359
193.000,2200041805.232
194.000,2200041754.952
195.000,2200041708.377
196.000,2200041656.901
197.000,2200041607.557
198.000,2200041556.110
199.000,2200041505.729
200.000,2200041442.818
201.000,2200041388.924
202.000,2200041348.175
203.000,2200041296.079
204.000,2200041242.925
205.000,2200041177.368
206.000,2200041122.375
207.000,2200041068.263
208.000,2200041011.381
209.000,2200040956.349
210.000,2200040899.590
211.000,2200040831.196
212.000,2200040786.319
213.000,2200040727.573
214.000,2200040658.710
215.000,2200040599.924
216.000,2200040540.158
217.000,2200040480.576
218.000,2200040419.420
219.000,2200040358.591
220.000,2200040296.874
221.000,2200040235.644
222.000,2200040172.052
223.000,2200040109.970
224.000,2200040045.341
225.000,2200039981.951
226.000,2200039903.747
227.000,2200039851.169
228.000,2200039773.722
229.000,2200039706.599
230.000,2200039639.590
231.000,2200039570.343
232.000,2200039491.589
233.000,2200039421.639
234.000,2200039365.039
235.000,2200039282.601
236.000,2200039212.332
237.000,2200039139.622
238.000,2200039067.911
239.000,2200038983.422
240.000,2200038922.084
241.000,2200038835.897
242.000,2200038772.793
243.000,2200038698.081
244.000,2200038608.667
245.000,2200038532.539
246.000,2200038455.058
247.000,2200038378.450
248.000,2200038297.563
249.000,2200038219.797
250.000,2200038126.865
251.000,2200038045.796
252.000,2200037963.360
253.000,2200037881.587
254.000,2200037797.738
255.000,2200037714.260
256.000,2200037629.436
257.000,2200037531.548
258.000,2200037445.815
259.000,2200037358.325
260.000,2200037271.033
261.000,2200037182.278
262.000,2200037093.229
263.000,2200036990.972
264.000,2200036898.515
265.000,2200036808.517
266.000,2200036714.347
267.000,2200036623.175
268.000,2200036527.125
269.000,2200036420.142
270.000,2200036324.514
271.000,2200036228.009
272.000,2200036130.705
273.000,2200036032.207
274.000,2200035921.400
275.000,2200035831.723
276.000,2200035718.856
277.000,2200035616.988
278.000,2200035513.144
279.000,2200035409.509
280.000,2200035305.242
281.000,2200035198.707
282.000,2200035079.314
283.000,2200034972.791
284.000,2200034862.988
285.000,2200034755.714
286.000,2200034631.341
287.000,2200034521.077
288.000,2200034407.997
289.000,2200034306.666
290.000,2200034179.421
291.000,2200034064.244
292.000,2200033934.774
293.000,2200033830.566
294.000,2200033700.445
295.000,2200033579.629
296.000,2200033458.562
297.000,2200033337.520
298.000,2200033202.745
299.000,2200033078.544
300.000,2200032952.085
301.000,2200032827.069
302.000,2200032700.975
303.000,2200032559.503
304.000,2200032431.758
305.000,2200032300.279
306.000,2200032167.331
307.000,2200032024.456
308.000,2200031888.943
309.000,2200031755.066
310.000,2200031618.189
311.000,2200031480.965
312.000,2200031341.521
313.000,2200031189.566
314.000,2200031049.626
315.000,2200030893.350
316.000,2200030763.576
317.000,2200030617.233
318.000,2200030459.063
319.000,2200030312.825
320.000,2200030154.142
321.000,2200030016.446
322.000,2200029854.840
323.000,2200029702.674
324.000,2200029535.149
325.000,2200029382.525
326.000,2200029227.598
327.000,2200029069.376
328.000,2200028899.587
329.000,2200028736.565
330.000,2200028577.005
331.000,2200028415.079
332.000,2200028251.136
333.000,2200028087.648
334.000,2200027907.484
335.000,2200027741.421
336.000,2200027568.942
337.000,2200027398.572
338.000,2200027229.153
339.000,2200027045.467
340.000,2200026868.414
341.000,2200026695.602
342.000,2200026505.762
343.000,2200026326.310
344.000,2200026146.141
345.000,2200025952.781
346.000,2200025770.138
347.000,2200025585.807
348.000,2200025403.625
349.000,2200025211.997
350.000,2200025012.295
351.000,2200024813.153
352.000,2200024634.118
353.000,2200024428.195
354.000,2200024234.333
355.000,2200024028.894
356.000,2200023830.122
357.000,2200023632.566
358.000,2200023435.801
359.000,2200023233.346
360.000,2200023019.122
361.000,2200022813.822
362.000,2200022608.853
363.000,2200022400.097
364.000,2200022184.146
365.000,2200021962.320
366.000,2200021761.911
367.000,2200021537.842
368.000,2200021327.537
369.000,2200021099.249
370.000,2200020882.331
371.000,2200020663.419
372.000,2200020443.335
373.000,2200020209.749
374.000,2200019987.428
375.000,2200019754.585
376.000,2200019540.937
377.000,2200019301.251
378.000,2200019066.472
379.000,2200018835.191
380.000,2200018605.130
381.000,2200018375.411
382.000,2200018128.050
383.000,2200017895.976
384.000,2200017646.925
385.000,2200017408.646
386.000,2200017172.078
387.000,2200016933.909
388.000,2200016679.644
389.000,2200016435.442
390.000,2200016194.364
391.000,2200015936.604
392.000,2200015677.915
393.000,2200015438.877
394.000,2200015182.598
395.000,2200014930.453
396.000,2200014677.361
397.000,2200014417.007
398.000,2200014161.510
399.000,2200013912.583
400.000,2200013638.578
401.000,2200013374.413
402.000,2200013118.550
403.000,2200012857.524
404.000,2200012584.589
405.000,2200012321.017
406.000,2200012061.441
407.000,2200011795.383
408.000,2200011526.645
409.000,2200011258.198
410.000,2200010976.843
411.000,2200010712.311
412.000,2200010444.001
413.000,2200010167.493
414.000,2200009894.434
415.000,2200009626.848
416.000,2200009333.668
417.000,2200009054.474
418.000,2200008783.470
419.000,2200008514.447
420.000,2200008226.734
421.000,2200007947.657
422.000,2200007672.063
423.000,2200007375.725
424.000,2200007101.143
425.000,2200006824.964
426.000,2200006533.089
427.000,2200006244.226
428.000,2200005962.923
429.000,2200005684.965
430.000,2200005387.887
431.000,2200005103.064
432.000,2200004813.504
433.000,2200004529.627
434.000,2200004237.597
435.000,2200003950.199
436.000,2200003668.954
437.000,2200003371.238
438.000,2200003089.619
439.000,2200002800.002
440.000,2200002506.560
441.000,2200002216.957
442.000,2200001925.063
443.000,2200001641.558
444.000,2200001350.913
445.000,2200001057.139
446.000,2200000765.858
447.000,2200000473.823
448.000,2200000182.935
449.000,2199999888.532
450.000,2199999597.523
451.000,2199999305.024
452.000,2199999014.620
453.000,2199998720.030
454.000,2199998431.745
455.000,2199998152.582
456.000,2199997854.166
457.000,2199997563.592
458.000,2199997279.813
459.000,2199996980.838
460.000,2199996704.331
461.000,2199996398.792
462.000,2199996116.336
463.000,2199995827.295
464.000,2199995531.263
465.000,2199995264.820
466.000,2199994960.854
467.000,2199994680.032
468.000,2199994392.153
469.000,2199994112.327
470.000,2199993825.349
471.000,2199993532.182
472.000,2199993254.518
473.000,2199992956.022
474.000,2199992685.929
475.000,2199992409.056
476.000,2199992113.418
477.000,2199991831.305
478.000,2199991555.944
479.000,2199991282.982
480.000,2199991004.672
481.000,2199990726.938
482.000,2199990439.672
483.000,2199990183.315
484.000,2199989893.090
485.000,2199989624.940
486.000,2199989350.435
487.000,2199989061.085
488.000,2199988795.351
489.000,2199988541.921
490.000,2199988260.317
491.000,2199987998.284
492.000,2199987729.653
493.000,2199987467.590
494.000,2199987186.697
495.000,2199986939.339
496.000,2199986680.763
497.000,2199986407.460
498.000,2199986162.806
499.000,2199985908.291
500.000,2199985629.367
501.000,2199985374.748
502.000,2199985119.394
503.000,2199984868.712
504.000,2199984619.629
505.000,2199984368.485
506.000,2199984103.843
507.000,2199983854.917
508.000,2199983626.635
509.000,2199983378.834
510.000,2199983115.843
511.000,2199982871.353
512.000,2199982631.965
513.000,2199982390.124
514.000,2199982136.061
515.000,2199981914.380
516.000,2199981679.563
517.000,2199981443.641
518.000,2199981211.162
519.000,2199980958.096
520.000,2199980728.028
521.000,2199980497.124
522.000,2199980273.100
523.000,2199980044.406
524.000,2199979817.165
525.000,2199979594.999
526.000,2199979372.065
527.000,2199979147.611
528.000,2199978930.269
529.000,2199978709.878
530.000,2199978473.853
531.000,2199978277.404
532.000,2199978061.579
533.000,2199977832.431
534.000,2199977618.938
535.000,2199977408.779
536.000,2199977218.107
537.000,2199977009.471
538.000,2199976787.607
539.000,2199976581.797
540.000,2199976395.244
541.000,2199976176.906
542.000,2199975974.128
543.000,2199975775.350
544.000,2199975577.003
545.000,2199975381.427
546.000,2199975186.368
547.000,2199974993.484
548.000,2199974817.946
549.000,2199974609.258
550.000,2199974419.956
551.000,2199974231.479
552.000,2199974044.206
553.000,2199973859.997
554.000,2199973675.489
555.000,2199973492.140
556.000,2199973328.672
557.000,2199973130.964
558.000,2199972970.986
559.000,2199972775.191
560.000,2199972599.620
561.000,2199972425.300
562.000,2199972251.018
563.000,2199972079.769
564.000,2199971926.297
565.000,2199971739.328
566.000,2199971589.179
567.000,2199971404.707
568.000,2199971239.002
569.000,2199971092.730
570.000,2199970912.205
571.000,2199970750.096
572.000,2199970590.548
573.000,2199970430.679
574.000,2199970272.913
575.000,2199970134.574
576.000,2199969978.977
577.000,2199969807.649
578.000,2199969671.889
579.000,2199969520.491
580.000,2199969369.779
581.000,2199969203.072
582.000,2199969055.258
583.000,2199968925.801
584.000,2199968780.363
585.000,2199968635.292
586.000,2199968493.524
587.000,2199968349.128
588.000,2199968209.579
589.000,2199968068.965
590.000,2199967930.535
591.000,2199967793.261
592.000,2199967656.921
593.000,2199967540.063
594.000,2199967405.937
595.000,2199967254.238
596.000,2199967138.777
597.000,2199967008.163
598.000,2199966878.650
599.000,2199966748.415
600.000,2199966623.073
601.000,2199966494.698
602.000,2199966387.658
603.000,2199966245.388
604.000,2199966138.220
605.000,2199965998.216
606.000,2199965894.886
607.000,2199965757.156
608.000,2199965655.478
609.000,2199965537.764
610.000,2199965420.306
611.000,2199965319.951
612.000,2199965187.000
613.000,2199965072.800
614.000,2199964959.812
615.000,2199964844.679
616.000,2199964751.493
617.000,2199964622.943
618.000,2199964528.793
619.000,2199964420.153
620.000,2199964312.429
621.000,2199964223.441
622.000,2199964117.329
623.000,2199964012.800
624.000,2199963905.470
625.000,2199963802.334
626.000,2199963699.884
627.000,2199963615.946
628.000,2199963497.744
629.000,2199963412.255
630.000,2199963316.602
631.000,2199963200.403
632.000,2199963121.169
633.000,2199963021.391
634.000,2199962925.560
635.000,2199962844.780
636.000,2199962750.489
637.000,2199962657.147
638.000,2199962564.334
639.000,2199962472.718
640.000,2199962398.866
641.000,2199962291.181
642.000,2199962215.662
643.000,2199962126.665
644.000,2199962025.098
645.000,2199961951.006
646.000,2199961864.512
647.000,2199961795.860
648.000,2199961710.613
649.000,2199961625.906
650.000,2199961541.887
651.000,2199961459.071
652.000,2199961376.469
653.000,2199961308.115
654.000,2199961209.446
655.000,2199961146.273
656.000,2199961066.230
657.000,2199960987.232
658.000,2199960925.790
659.000,2199960847.915
660.000,2199960749.068
661.000,2199960689.130
662.000,2199960613.559
663.000,2199960537.708
664.000,2199960463.065
665.000,2199960405.800
666.000,2199960332.190
667.000,2199960254.543
668.000,2199960203.781
669.000,2199960115.197
670.000,2199960055.878
671.000,2199959990.050
672.000,2199959914.751
673.000,2199959861.899
674.000,2199959797.982
675.000,2199959724.428
676.000,2199959656.873
677.000,2199959605.965
678.000,2199959521.578
679.000,2199959472.371
680.000,2199959406.078
681.000,2199959340.980
682.000,2199959270.256
683.000,2199959211.479
684.000,2199959159.803
685.000,2199959100.784
686.000,2199959054.991
687.000,2199958992.713
688.000,2199958931.054
689.000,2199958869.466
690.000,2199958824.576
691.000,2199958763.904
692.000,2199958697.360
693.000,2199958643.367
694.000,2199958595.602
695.000,2199958543.830
696.000,2199958485.543
697.000,2199958426.803
698.000,2199958363.557
699.000,2199958323.698
700.000,2199958265.767
701.000,2199958216.822
702.000,2199958159.870
703.000,2199958121.248
704.000,2199958060.807
705.000,2199958022.796
706.000,2199957958.272
707.000,2199957919.797
708.000,2199957860.542
709.000,2199957824.285
710.000,2199957777.837
711.000,2199957719.748
712.000,2199957666.299
713.000,2199957621.309
714.000,2199957586.738
715.000,2199957536.084
716.000,2199957502.321
717.000,2199957452.372
718.000,2199957396.582
719.000,2199957354.913
720.000,2199957321.211
721.000,2199957272.399
722.000,2199957224.282
723.000,2199957174.839
724.000,2199957150.156
725.000,2199957096.404
726.000,2199957049.348
727.000,2199957020.905
728.000,2199956979.381
729.000,2199956951.451
730.000,2199956897.526
731.000,2199956852.130
732.000,2199956830.044
733.000,2199956785.150
734.000,2199956739.261
735.000,2199956712.739
736.000,2199956669.055
737.000,2199956623.664
738.000,2199956580.327
739.000,2199956538.942
740.000,2199956510.558
741.000,2199956468.259
742.000,2199956425.804
743.000,2199956408.896
744.000,2199956367.107
745.000,2199956323.968
746.000,2199956298.893
747.000,2199956274.051
748.000,2199956233.480
749.000,2199956183.974
750.000,2199956152.892
751.000,2199956112.768
752.000,2199956096.439
753.000,2199956057.019
754.000,2199956017.843
755.000,2199955979.009
756.000,2199955979.325
757.000,2199955925.131
758.000,2199955902.613
759.000,2199955864.698
760.000,2199955835.353
761.000,2199955805.219
762.000,2199955791.202
763.000,2199955746.461
764.000,2199955719.121
765.000,2199955696.176
766.000,2199955661.644
767.000,2199955623.486
768.000,2199955603.167
769.000,2199955569.163
770.000,2199955539.172
771.000,2199955511.912
772.000,2199955486.062
773.000,2199955466.859
774.000,2199955431.870
775.000,2199955395.234
776.000,2199955386.121
777.000,2199955349.767
778.000,2199955315.811
779.000,2199955299.231
780.000,2199955267.632
781.000,2199955235.912
782.000,2199955220.066
783.000,2199955188.803
784.000,2199955157.758
785.000,2199955157.978
786.000,2199955125.065
787.000,2199955096.710
788.000,2199955068.191
789.000,2199955036.063
790.000,2199955036.913
791.000,2199955002.974
792.000,2199954979.482
793.000,2199954949.770
794.000,2199954931.861
795.000,2199954906.580
796.000,2199954877.631
797.000,2199954859.925
798.000,2199954837.411
799.000,2199954817.894
800.000,2199954808.820
801.000,2199954782.780
802.000,2199954754.491
803.000,2199954722.363
804.000,2199954709.766
805.000,2199954699.388
806.000,2199954671.801
807.000,2199954646.415
808.000,2199954632.342
809.000,2199954607.159
810.000,2199954593.316
811.000,2199954570.621
812.000,2199954561.149
813.000,2199954532.376
814.000,2199954523.142
815.000,2199954483.942
816.000,2199954472.628
817.000,2199954448.861
818.000,2199954433.509
819.000,2199954409.836
820.000,2199954399.103
821.000,2199954380.073
822.000,2199954367.449
823.000,2199954356.874
824.000,2199954316.818
825.000,2199954308.688
826.000,2199954283.721
827.000,2199954275.945
828.000,2199954253.374
829.000,2199954241.409
830.000,2199954233.780
831.000,2199954211.682
832.000,2199954191.649
833.000,2199954180.039
834.000,2199954172.945
835.000,2199954153.386
836.000,2199954127.169
837.000,2199954122.583
838.000,2199954098.950
839.000,2199954087.623
840.000,2199954081.207
841.000,2199954047.511
842.000,2199954055.850
843.000,2199954020.188
844.000,2199954009.323
845.000,2199953988.680
846.000,2199953984.806
847.000,2199953959.723
848.000,2199953958.426
849.000,2199953938.036
850.000,2199953925.308
851.000,2199953917.350
852.000,2199953904.265
853.000,2199953884.104
854.000,2199953859.595
855.000,2199953868.713
856.000,2199953851.252
857.000,2199953831.561
858.000,2199953821.704
859.000,2199953802.234
860.000,2199953799.457
861.000,2199953780.217
862.000,2199953775.236
863.000,2199953756.093
864.000,2199953753.724
865.000,2199953734.678
866.000,2199953725.280
867.000,2199953708.687
868.000,2199953704.329
869.000,2199953699.785
870.000,2199953662.015
871.000,2199953662.558
872.000,2199953660.702
873.000,2199953637.384
874.000,2199953621.326
875.000,2199953617.374
876.000,2199953613.241
877.000,2199953600.059
878.000,2199953576.991
879.000,2199953575.545
880.000,2199953571.738
881.000,2199953556.168
882.000,2199953552.577
883.000,2199953537.089
884.000,2199953545.294
885.000,2199953515.866
886.000,2199953512.359
887.000,2199953494.806
888.000,2199953493.822
889.000,2199953490.497
890.000,2199953475.448
891.000,2199953469.821
892.000,2199953468.958
893.000,2199953451.737
