Time(s),Frequency(Hz)
0.000,2200048061.679
1.000,2200048052.050
2.000,2200048048.761
3.000,2200048041.921
4.000,2200048035.791
5.000,2200048031.559
6.000,2200048021.849
7.000,2200048028.437
8.000,2200048021.254
9.000,2200048014.394
10.000,2200047997.938
11.000,2200048000.844
12.000,2200047997.827
13.000,2200047986.403
14.000,2200047990.164
15.000,2200047981.994
16.000,2200047965.472
17.000,2200047967.432
18.000,2200047960.770
19.000,2200047953.334
20.000,2200047945.856
21.000,2200047937.694
22.000,2200047930.671
23.000,2200047933.467
24.000,2200047915.388
25.000,2200047907.046
26.000,2200047910.288
27.000,2200047902.494
28.000,2200047894.733
29.000,2200047883.292
30.000,2200047885.874
31.000,2200047866.638
32.000,2200047858.670
33.000,2200047851.271
34.000,2200047839.043
35.000,2200047841.267
36.000,2200047821.768
37.000,2200047824.782
38.000,2200047815.542
39.000,2200047807.546
40.000,2200047795.360
41.000,2200047786.464
42.000,2200047777.854
43.000,2200047765.758
44.000,2200047760.182
45.000,2200047758.490
46.000,2200047749.465
47.000,2200047736.797
48.000,2200047727.478
49.000,2200047715.108
50.000,2200047705.657
51.000,2200047706.931
52.000,2200047694.215
53.000,2200047673.987
54.000,2200047660.859
55.000,2200047661.842
56.000,2200047651.986
57.000,2200047627.928
58.000,2200047625.514
59.000,2200047615.279
60.000,2200047605.612
61.000,2200047591.922
62.000,2200047592.262
63.000,2200047578.923
64.000,2200047557.197
65.000,2200047557.681
66.000,2200047532.640
67.000,2200047533.068
68.000,2200047504.546
69.000,2200047493.734
70.000,2200047490.527
71.000,2200047479.153
72.000,2200047464.746
73.000,2200047453.441
74.000,2200047439.006
75.000,2200047438.259
76.000,2200047423.660
77.000,2200047408.740
78.000,2200047396.746
79.000,2200047381.714
80.000,2200047354.652
81.000,2200047350.805
82.000,2200047338.588
83.000,2200047322.998
84.000,2200047310.332
85.000,2200047291.470
86.000,2200047278.672
87.000,2200047262.840
88.000,2200047246.667
89.000,2200047230.170
90.000,2200047228.492
91.000,2200047200.440
92.000,2200047195.515
93.000,2200047179.046
94.000,2200047161.857
95.000,2200047144.932
96.000,2200047131.188
97.000,2200047110.887
98.000,2200047093.400
99.000,2200047079.204
100.000,2200047061.611
101.000,2200047043.895
102.000,2200047022.633
103.000,2200047008.020
104.000,2200047001.733
105.000,2200046986.286
106.000,2200046964.833
107.000,2200046946.370
108.000,2200046927.627
109.000,2200046908.891
110.000,2200046889.806
111.000,2200046870.785
112.000,2200046848.337
113.000,2200046832.200
114.000,2200046824.552
115.000,2200046792.830
116.000,2200046773.098
117.000,2200046749.863
118.000,2200046732.971
119.000,2200046709.374
120.000,2200046700.859
121.000,2200046680.322
122.000,2200046656.417
123.000,2200046626.454
124.000,2200046614.263
125.000,2200046592.934
126.000,2200046559.305
127.000,2200046549.930
128.000,2200046527.977
129.000,2200046502.801
130.000,2200046480.834
131.000,2200046458.427
132.000,2200046432.663
133.000,2200046409.913
134.000,2200046387.085
135.000,2200046376.102
136.000,2200046352.863
137.000,2200046329.378
138.000,2200046290.296
139.000,2200046275.674
140.000,2200046239.194
141.000,2200046211.958
142.000,2200046187.308
143.000,2200046175.110
144.000,2200046150.188
145.000,2200046109.533
146.000,2200046096.656
147.000,2200046068.064
148.000,2200046039.360
149.000,2200046013.217
150.000,2200045987.065
151.000,2200045960.592
152.000,2200045930.914
153.000,2200045903.989
154.000,2200045873.749
155.000,2200045843.501
156.000,2200045815.779
157.000,2200045785.006
158.000,2200045756.826
159.000,2200045725.446
160.000,2200045709.598
161.000,2200045664.966
162.000,2200045635.900
163.000,2200045616.266
164.000,2200045583.740
165.000,2200045550.767
166.000,2200045504.790
167.000,2200045490.239
168.000,2200045437.682
169.000,2200045422.656
170.000,2200045381.290
171.000,2200045346.833
172.000,2200045319.033
173.000,2200045270.965
174.000,2200045235.580
175.000,2200045205.799
176.000,2200045182.917
177.000,2200045146.607
178.000,2200045096.999
179.000,2200045073.182
180.000,2200045036.047
181.000,2200044998.561
182.000,2200044966.583
183.000,2200044922.630
184.000,2200044870.856
185.000,2200044851.249
186.000,2200044812.034
187.000,2200044772.668
188.000,2200044732.826
189.000,2200044692.686
190.000,2200044657.962
191.000,2200044611.352
192.000,2200044570.181
193.000,2200044528.600
194.000,2200044486.752
195.000,2200044444.436
196.000,2200044407.447
197.000,2200044358.768
198.000,2200044315.283
199.000,2200044271.580
200.000,2200044227.267
201.000,2200044188.431
202.000,2200044137.725
203.000,2200044092.364
204.000,2200044052.196
205.000,2200044000.368
206.000,2200043945.645
207.000,2200043906.645
208.000,2200043859.241
209.000,2200043803.110
210.000,2200043762.923
211.000,2200043700.353
212.000,2200043664.953
213.000,2200043615.183
214.000,2200043551.100
215.000,2200043500.586
216.000,2200043443.943
217.000,2200043392.334
218.000,2200043345.778
219.000,2200043301.800
220.000,2200043234.704
221.000,2200043195.245
222.000,2200043127.152
223.000,2200043072.542
224.000,2200043017.620
225.000,2200042961.998
226.000,2200042900.482
227.000,2200042863.410
228.000,2200042786.656
229.000,2200042743.243
230.000,2200042684.962
231.000,2200042620.794
232.000,2200042547.169
233.000,2200042487.221
234.000,2200042431.934
235.000,2200042365.589
236.000,2200042303.896
237.000,2200042236.273
238.000,2200042173.353
239.000,2200042109.840
240.000,2200042045.730
241.000,2200041980.987
242.000,2200041910.373
243.000,2200041829.825
244.000,2200041777.626
245.000,2200041710.370
246.000,2200041627.734
247.000,2200041568.536
248.000,2200041484.533
249.000,2200041414.401
250.000,2200041343.726
251.000,2200041267.196
252.000,2200041209.791
253.000,2200041136.944
254.000,2200041048.576
255.000,2200040984.034
256.000,2200040894.102
257.000,2200040813.350
258.000,2200040736.787
259.000,2200040654.425
260.000,2200040561.414
261.000,2200040502.357
262.000,2200040417.693
263.000,2200040337.154
264.000,2200040235.950
265.000,2200040148.932
266.000,2200040070.803
267.000,2200039982.153
268.000,2200039897.427
269.000,2200039807.065
270.000,2200039720.667
271.000,2200039628.611
272.000,2200039540.426
273.000,2200039431.383
274.000,2200039356.634
275.000,2200039250.467
276.000,2200039169.208
277.000,2200039061.141
278.000,2200038967.395
279.000,2200038868.045
280.000,2200038772.370
281.000,2200038671.121
282.000,2200038578.020
283.000,2200038474.827
284.000,2200038370.567
285.000,2200038269.861
286.000,2200038168.142
287.000,2200038060.828
288.000,2200037937.049
289.000,2200037832.039
290.000,2200037737.186
291.000,2200037630.042
292.000,2200037506.292
293.000,2200037392.560
294.000,2200037277.770
295.000,2200037166.210
296.000,2200037033.387
297.000,2200036919.530
298.000,2200036804.327
299.000,2200036683.828
300.000,2200036562.059
301.000,2200036443.401
302.000,2200036323.441
303.000,2200036197.989
304.000,2200036075.693
305.000,2200035943.567
306.000,2200035818.705
307.000,2200035692.418
308.000,2200035544.843
309.000,2200035415.997
310.000,2200035281.717
311.000,2200035150.210
312.000,2200035009.125
313.000,2200034875.013
314.000,2200034735.391
315.000,2200034582.393
316.000,2200034440.054
317.000,2200034299.971
318.000,2200034154.874
319.000,2200034012.271
320.000,2200033848.043
321.000,2200033698.767
322.000,2200033563.681
323.000,2200033398.918
324.000,2200033245.018
325.000,2200033093.382
326.000,2200032936.324
327.000,2200032761.840
328.000,2200032605.326
329.000,2200032443.836
330.000,2200032280.718
331.000,2200032135.797
332.000,2200031952.992
333.000,2200031788.777
334.000,2200031619.396
335.000,2200031448.082
336.000,2200031275.740
337.000,2200031101.306
338.000,2200030908.900
339.000,2200030734.442
340.000,2200030554.859
341.000,2200030377.115
342.000,2200030194.440
343.000,2200030009.972
344.000,2200029807.139
345.000,2200029602.638
346.000,2200029432.713
347.000,2200029240.472
348.000,2200029031.282
349.000,2200028838.885
350.000,2200028625.597
351.000,2200028443.521
352.000,2200028242.819
353.000,2200028023.870
354.000,2200027820.028
355.000,2200027616.776
356.000,2200027408.467
357.000,2200027202.062
358.000,2200026987.324
359.000,2200026757.738
360.000,2200026542.139
361.000,2200026327.312
362.000,2200026108.587
363.000,2200025887.022
364.000,2200025650.738
365.000,2200025425.299
366.000,2200025198.914
367.000,2200024969.860
368.000,2200024738.865
369.000,2200024506.583
370.000,2200024255.807
371.000,2200024019.923
372.000,2200023764.489
373.000,2200023526.860
374.000,2200023284.869
375.000,2200023040.228
376.000,2200022792.197
377.000,2200022545.659
378.000,2200022279.786
379.000,2200022027.809
380.000,2200021773.688
381.000,2200021501.607
382.000,2200021243.325
383.000,2200020983.887
384.000,2200020722.372
385.000,2200020459.378
386.000,2200020176.772
387.000,2200019927.995
388.000,2200019642.515
389.000,2200019369.062
390.000,2200019096.266
391.000,2200018821.594
392.000,2200018530.564
393.000,2200018236.533
394.000,2200017971.886
395.000,2200017689.619
396.000,2200017388.669
397.000,2200017101.591
398.000,2200016815.056
399.000,2200016511.199
400.000,2200016218.887
401.000,2200015927.414
402.000,2200015614.470
403.000,2200015334.438
404.000,2200015021.713
405.000,2200014722.155
406.000,2200014420.947
407.000,2200014116.969
408.000,2200013798.142
409.000,2200013491.826
410.000,2200013183.441
411.000,2200012875.427
412.000,2200012549.173
413.000,2200012237.157
414.000,2200011907.862
415.000,2200011592.762
416.000,2200011277.806
417.000,2200010944.522
418.000,2200010625.894
419.000,2200010304.058
420.000,2200009983.689
421.000,2200009660.726
422.000,2200009323.006
423.000,2200008997.495
424.000,2200008671.640
425.000,2200008344.060
426.000,2200008000.340
427.000,2200007670.937
428.000,2200007341.732
429.000,2200006995.568
430.000,2200006664.112
431.000,2200006331.485
432.000,2200005996.959
433.000,2200005648.995
434.000,2200005313.499
435.000,2200004978.553
436.000,2200004641.855
437.000,2200004289.610
438.000,2200003938.750
439.000,2200003599.712
440.000,2200003260.815
441.000,2200002908.195
442.000,2200002582.521
443.000,2200002229.813
444.000,2200001875.371
445.000,2200001536.313
446.000,2200001196.073
447.000,2200000854.948
448.000,2200000513.399
449.000,2200000160.646
450.000,2199999818.947
451.000,2199999464.178
452.000,2199999124.454
453.000,2199998783.801
454.000,2199998431.781
455.000,2199998088.834
456.000,2199997735.777
457.000,2199997396.441
458.000,2199997058.648
459.000,2199996720.196
460.000,2199996369.573
461.000,2199996030.847
462.000,2199995694.609
463.000,2199995341.776
464.000,2199995007.005
465.000,2199994671.308
466.000,2199994336.472
467.000,2199993973.189
468.000,2199993654.347
469.000,2199993311.530
470.000,2199992976.623
471.000,2199992637.983
472.000,2199992306.427
473.000,2199991965.133
474.000,2199991636.243
475.000,2199991309.350
476.000,2199990972.476
477.000,2199990649.518
478.000,2199990313.568
479.000,2199989993.786
480.000,2199989668.699
481.000,2199989349.934
482.000,2199989019.536
483.000,2199988700.820
484.000,2199988375.202
485.000,2199988059.691
486.000,2199987747.888
487.000,2199987424.007
488.000,2199987114.843
489.000,2199986811.290
490.000,2199986491.453
491.000,2199986181.718
492.000,2199985879.287
493.000,2199985564.043
494.000,2199985253.906
495.000,2199984956.581
496.000,2199984647.411
497.000,2199984345.963
498.000,2199984046.754
499.000,2199983761.798
500.000,2199983462.695
501.000,2199983164.922
502.000,2199982875.864
503.000,2199982582.529
504.000,2199982309.029
505.000,2199982015.761
506.000,2199981727.120
507.000,2199981447.142
508.000,2199981165.695
509.000,2199980892.580
510.000,2199980608.667
511.000,2199980347.662
512.000,2199980071.372
513.000,2199979798.132
514.000,2199979525.472
515.000,2199979263.222
516.000,2199978990.851
517.000,2199978732.423
518.000,2199978470.704
519.000,2199978204.888
520.000,2199977959.943
521.000,2199977693.377
522.000,2199977444.303
523.000,2199977197.414
524.000,2199976952.434
525.000,2199976693.880
526.000,2199976456.898
527.000,2199976209.383
528.000,2199975968.736
529.000,2199975733.115
530.000,2199975492.079
531.000,2199975260.491
532.000,2199975023.547
533.000,2199974792.566
534.000,2199974558.371
535.000,2199974328.018
536.000,2199974109.319
537.000,2199973882.339
538.000,2199973664.104
539.000,2199973436.653
540.000,2199973230.542
541.000,2199973002.673
542.000,2199972796.145
543.000,2199972580.265
544.000,2199972367.242
545.000,2199972171.859
546.000,2199971965.949
547.000,2199971749.914
548.000,2199971549.798
549.000,2199971350.168
550.000,2199971153.348
551.000,2199970944.907
552.000,2199970750.267
553.000,2199970568.019
554.000,2199970373.826
555.000,2199970186.024
556.000,2199969995.522
557.000,2199969809.333
558.000,2199969627.625
559.000,2199969445.279
560.000,2199969257.411
561.000,2199969078.833
562.000,2199968898.047
563.000,2199968728.358
564.000,2199968550.707
565.000,2199968384.266
566.000,2199968210.287
567.000,2199968046.445
568.000,2199967876.084
569.000,2199967715.402
570.000,2199967552.846
571.000,2199967386.258
572.000,2199967230.841
573.000,2199967058.637
574.000,2199966905.890
575.000,2199966756.175
576.000,2199966596.685
577.000,2199966435.138
578.000,2199966293.171
579.000,2199966144.435
580.000,2199965992.338
581.000,2199965849.783
582.000,2199965694.993
583.000,2199965557.854
584.000,2199965405.839
585.000,2199965268.678
586.000,2199965139.333
587.000,2199964987.601
588.000,2199964854.551
589.000,2199964719.584
590.000,2199964585.168
591.000,2199964452.906
592.000,2199964324.406
593.000,2199964195.393
594.000,2199964062.846
595.000,2199963936.501
596.000,2199963812.998
597.000,2199963674.942
598.000,2199963554.123
599.000,2199963441.922
600.000,2199963308.157
601.000,2199963193.928
602.000,2199963072.608
603.000,2199962951.615
604.000,2199962841.395
605.000,2199962724.918
606.000,2199962611.364
607.000,2199962499.275
608.000,2199962385.474
609.000,2199962275.925
610.000,2199962166.327
611.000,2199962058.736
612.000,2199961943.122
613.000,2199961844.022
614.000,2199961743.316
615.000,2199961626.442
616.000,2199961536.014
617.000,2199961430.206
618.000,2199961329.971
619.000,2199961230.466
620.000,2199961132.960
621.000,2199961035.427
622.000,2199960934.959
623.000,2199960844.439
624.000,2199960745.584
625.000,2199960656.527
626.000,2199960559.483
627.000,2199960457.772
628.000,2199960377.928
629.000,2199960287.592
630.000,2199960195.442
631.000,2199960110.620
632.000,2199960023.824
633.000,2199959937.023
634.000,2199959851.381
635.000,2199959763.164
636.000,2199959682.788
637.000,2199959596.346
638.000,2199959527.718
639.000,2199959432.510
640.000,2199959351.399
641.000,2199959271.438
642.000,2199959192.265
643.000,2199959124.601
644.000,2199959032.979
645.000,2199958959.143
646.000,2199958883.242
647.000,2199958807.280
648.000,2199958743.199
649.000,2199958658.476
650.000,2199958585.250
651.000,2199958513.025
652.000,2199958447.882
653.000,2199958369.373
654.000,2199958297.542
655.000,2199958238.846
656.000,2199958170.597
657.000,2199958101.244
658.000,2199958033.438
659.000,2199957964.965
660.000,2199957902.534
661.000,2199957832.493
662.000,2199957778.677
663.000,2199957712.522
664.000,2199957648.437
665.000,2199957588.499
666.000,2199957525.338
667.000,2199957458.708
668.000,2199957399.935
669.000,2199957339.352
670.000,2199957282.010
671.000,2199957221.998
672.000,2199957157.411
673.000,2199957109.442
674.000,2199957054.855
675.000,2199956983.718
676.000,2199956937.916
677.000,2199956880.806
678.000,2199956824.508
679.000,2199956772.229
680.000,2199956715.008
681.000,2199956662.474
682.000,2199956605.599
683.000,2199956555.846
684.000,2199956512.976
685.000,2199956458.254
686.000,2199956405.849
687.000,2199956357.396
688.000,2199956306.198
689.000,2199956254.620
690.000,2199956204.627
691.000,2199956151.557
692.000,2199956115.631
693.000,2199956067.399
694.000,2199956018.567
695.000,2199955967.610
696.000,2199955922.768
697.000,2199955875.733
698.000,2199955830.656
699.000,2199955796.304
700.000,2199955749.650
701.000,2199955704.341
702.000,2199955661.549
703.000,2199955613.217
704.000,2199955580.037
705.000,2199955538.458
706.000,2199955494.932
707.000,2199955436.824
708.000,2199955407.985
709.000,2199955361.540
710.000,2199955325.428
711.000,2199955280.285
712.000,2199955241.198
713.000,2199955211.268
714.000,2199955169.883
715.000,2199955128.922
716.000,2199955091.630
717.000,2199955048.004
718.000,2199955015.124
719.000,2199954982.657
720.000,2199954947.280
721.000,2199954907.723
722.000,2199954880.433
723.000,2199954834.121
724.000,2199954810.743
725.000,2199954772.956
726.000,2199954731.518
727.000,2199954709.366
728.000,2199954664.110
729.000,2199954638.876
730.000,2199954602.509
731.000,2199954566.420
732.000,2199954530.107
733.000,2199954505.409
734.000,2199954466.241
735.000,2199954441.802
736.000,2199954407.579
737.000,2199954391.336
738.000,2199954349.320
739.000,2199954322.402
740.000,2199954291.738
741.000,2199954258.782
742.000,2199954239.474
743.000,2199954207.010
744.000,2199954177.309
745.000,2199954140.488
746.000,2199954123.620
747.000,2199954090.543
748.000,2199954055.502
749.000,2199954034.493
750.000,2199954002.535
751.000,2199953986.406
752.000,2199953954.547
753.000,2199953923.779
754.000,2199953896.545
755.000,2199953880.925
756.000,2199953847.033
757.000,2199953827.476
758.000,2199953800.513
759.000,2199953772.646
760.000,2199953753.050
761.000,2199953727.216
762.000,2199953694.975
763.000,2199953669.251
764.000,2199953655.654
765.000,2199953630.029
766.000,2199953605.390
767.000,2199953585.224
768.000,2199953567.243
769.000,2199953536.301
770.000,2199953527.976
771.000,2199953499.464
772.000,2199953475.065
773.000,2199953463.024
774.000,2199953439.222
775.000,2199953415.853
776.000,2199953391.287
777.000,2199953362.793
778.000,2199953351.544
779.000,2199953328.272
780.000,2199953306.213
781.000,2199953283.510
782.000,2199953254.722
783.000,2199953255.550
784.000,2199953227.085
785.000,2199953211.201
786.000,2199953194.408
787.000,2199953167.919
788.000,2199953151.454
789.000,2199953141.536
790.000,2199953113.929
791.000,2199953087.354
792.000,2199953078.777
793.000,2199953062.132
794.000,2199953048.495
795.000,2199953021.027
796.000,2199953011.997
797.000,2199952991.757
798.000,2199952982.697
799.000,2199952968.471
800.000,2199952942.548
801.000,2199952934.362
802.000,2199952907.768
803.000,2199952911.827
804.000,2199952886.523
805.000,2199952866.726
806.000,2199952858.586
807.000,2199952834.603
808.000,2199952820.804
809.000,2199952801.418
810.000,2199952789.223
811.000,2199952764.263
812.000,2199952767.760
813.000,2199952749.300
814.000,2199952737.077
815.000,2199952719.092
816.000,2199952700.433
817.000,2199952687.563
818.000,2199952681.924
819.000,2199952657.828
820.000,2199952651.055
821.000,2199952639.666
822.000,2199952616.021
823.000,2199952615.334
824.000,2199952598.447
825.000,2199952591.593
826.000,2199952574.612
827.000,2199952562.128
828.000,2199952551.359
829.000,2199952528.321
830.000,2199952523.694
831.000,2199952512.066
832.000,2199952507.648
833.000,2199952495.646
834.000,2199952485.646
835.000,2199952469.149
836.000,2199952457.401
837.000,2199952447.060
838.000,2199952442.224
839.000,2199952432.198
840.000,2199952409.859
841.000,2199952404.946
842.000,2199952395.202
843.000,2199952379.273
844.000,2199952374.068
845.000,2199952362.192
846.000,2199952349.381
847.000,2199952345.137
848.000,2199952335.504
849.000,2199952330.857
850.000,2199952316.098
851.000,2199952311.583
852.000,2199952302.693
853.000,2199952286.894
854.000,2199952280.350
855.000,2199952271.116
856.000,2199952259.527
857.000,2199952255.330
858.000,2199952243.874
859.000,2199952232.740
860.000,2199952228.199
861.000,2199952213.868
862.000,2199952213.005
863.000,2199952209.357
864.000,2199952194.669
865.000,2199952183.649
866.000,2199952189.662
867.000,2199952164.057
868.000,2199952160.884
869.000,2199952154.266
870.000,2199952160.727
871.000,2199952146.376
872.000,2199952135.757
873.000,2199952132.291
874.000,2199952121.528
875.000,2199952117.687
876.000,2199952107.729
877.000,2199952103.984
878.000,2199952083.587
879.000,2199952100.964
880.000,2199952080.002
881.000,2199952076.586
882.000,2199952073.944
883.000,2199952063.381
884.000,2199952053.868
885.000,2199952039.846
886.000,2199952046.727
887.000,2199952033.020
888.000,2199952033.907
889.000,2199952041.139
890.000,2199952020.979
891.000,2199952017.819
892.000,2199952014.732
893.000,2199952005.101
894.000,2199952006.209
895.000,2199951998.797
896.000,2199951993.447
