Time(s),Frequency(Hz)
0.000,2200038489.560
1.000,2200038449.278
2.000,2200038406.869
3.000,2200038362.617
4.000,2200038318.066
5.000,2200038275.071
6.000,2200038230.183
7.000,2200038196.705
8.000,2200038153.330
9.000,2200038107.717
10.000,2200038061.955
11.000,2200038015.788
12.000,2200037981.648
13.000,2200037935.129
14.000,2200037888.669
15.000,2200037843.613
16.000,2200037796.507
17.000,2200037749.460
18.000,2200037701.792
19.000,2200037666.215
20.000,2200037607.850
21.000,2200037559.915
22.000,2200037521.760
23.000,2200037473.097
24.000,2200037424.204
25.000,2200037375.018
26.000,2200037327.828
27.000,2200037286.676
28.000,2200037226.789
29.000,2200037187.116
30.000,2200037138.888
31.000,2200037086.554
32.000,2200037025.292
33.000,2200036984.817
34.000,2200036933.720
35.000,2200036880.521
36.000,2200036839.483
37.000,2200036776.988
38.000,2200036725.018
39.000,2200036683.284
40.000,2200036630.346
41.000,2200036577.836
42.000,2200036522.593
43.000,2200036467.847
44.000,2200036414.078
45.000,2200036360.045
46.000,2200036316.688
47.000,2200036249.762
48.000,2200036205.824
49.000,2200036138.705
50.000,2200036081.492
51.000,2200036037.256
52.000,2200035981.039
53.000,2200035923.779
54.000,2200035865.620
55.000,2200035807.413
56.000,2200035752.255
57.000,2200035693.848
58.000,2200035641.873
59.000,2200035586.162
60.000,2200035526.311
61.000,2200035466.897
62.000,2200035409.933
63.000,2200035349.658
64.000,2200035285.486
65.000,2200035224.609
66.000,2200035163.415
67.000,2200035115.937
68.000,2200035054.555
69.000,2200034992.080
70.000,2200034929.785
71.000,2200034878.051
72.000,2200034804.190
73.000,2200034751.509
74.000,2200034676.965
75.000,2200034624.548
76.000,2200034545.946
77.000,2200034495.988
78.000,2200034431.194
79.000,2200034366.179
80.000,2200034297.372
81.000,2200034231.260
82.000,2200034165.703
83.000,2200034099.394
84.000,2200034043.923
85.000,2200033973.565
86.000,2200033898.572
87.000,2200033842.126
88.000,2200033774.697
89.000,2200033703.103
90.000,2200033631.190
91.000,2200033562.328
92.000,2200033493.099
93.000,2200033427.178
94.000,2200033353.933
95.000,2200033280.635
96.000,2200033221.383
97.000,2200033150.763
98.000,2200033079.556
99.000,2200033007.995
100.000,2200032933.300
101.000,2200032861.052
102.000,2200032799.829
103.000,2200032727.164
104.000,2200032650.591
105.000,2200032577.230
106.000,2200032488.819
107.000,2200032426.163
108.000,2200032348.466
109.000,2200032273.424
110.000,2200032195.294
111.000,2200032119.533
112.000,2200032055.157
113.000,2200031978.953
114.000,2200031899.128
115.000,2200031818.963
116.000,2200031741.654
117.000,2200031660.757
118.000,2200031579.494
119.000,2200031501.085
120.000,2200031419.379
121.000,2200031343.422
122.000,2200031257.495
123.000,2200031177.560
124.000,2200031097.288
125.000,2200031010.522
126.000,2200030940.788
127.000,2200030856.483
128.000,2200030774.648
129.000,2200030689.305
130.000,2200030603.827
131.000,2200030520.876
132.000,2200030434.641
133.000,2200030347.723
134.000,2200030263.874
135.000,2200030176.175
136.000,2200030100.155
137.000,2200030003.016
138.000,2200029925.923
139.000,2200029836.933
140.000,2200029747.619
141.000,2200029657.888
142.000,2200029570.507
143.000,2200029483.078
144.000,2200029391.733
145.000,2200029300.443
146.000,2200029208.631
147.000,2200029116.151
148.000,2200029023.584
149.000,2200028930.964
150.000,2200028840.262
151.000,2200028743.391
152.000,2200028661.128
153.000,2200028557.941
154.000,2200028474.824
155.000,2200028379.003
156.000,2200028280.130
157.000,2200028183.845
158.000,2200028090.079
159.000,2200028005.337
160.000,2200027895.759
161.000,2200027797.863
162.000,2200027711.552
163.000,2200027600.757
164.000,2200027501.488
165.000,2200027413.964
166.000,2200027313.888
167.000,2200027213.430
168.000,2200027112.739
169.000,2200026996.539
170.000,2200026897.583
171.000,2200026807.704
172.000,2200026702.277
173.000,2200026599.364
174.000,2200026495.640
175.000,2200026403.955
176.000,2200026287.501
177.000,2200026183.033
178.000,2200026077.857
179.000,2200025969.394
180.000,2200025875.685
181.000,2200025769.059
182.000,2200025650.361
183.000,2200025554.925
184.000,2200025444.551
185.000,2200025336.478
186.000,2200025227.735
187.000,2200025115.978
188.000,2200025003.710
189.000,2200024893.763
190.000,2200024783.301
191.000,2200024672.673
192.000,2200024561.370
193.000,2200024446.947
194.000,2200024335.045
195.000,2200024222.376
196.000,2200024106.767
197.000,2200023993.113
198.000,2200023876.733
199.000,2200023762.241
200.000,2200023647.490
201.000,2200023544.458
202.000,2200023426.123
203.000,2200023307.424
204.000,2200023178.611
205.000,2200023071.294
206.000,2200022939.005
207.000,2200022821.058
208.000,2200022714.972
209.000,2200022583.898
210.000,2200022471.777
211.000,2200022354.529
212.000,2200022232.004
213.000,2200022108.718
214.000,2200021987.773
215.000,2200021863.777
216.000,2200021741.884
217.000,2200021604.928
218.000,2200021491.603
219.000,2200021366.013
220.000,2200021244.675
221.000,2200021118.142
222.000,2200020986.094
223.000,2200020863.571
224.000,2200020735.670
225.000,2200020607.215
226.000,2200020490.867
227.000,2200020349.208
228.000,2200020224.690
229.000,2200020094.498
230.000,2200019963.989
231.000,2200019833.055
232.000,2200019701.574
233.000,2200019574.833
234.000,2200019437.561
235.000,2200019305.161
236.000,2200019188.973
237.000,2200019043.259
238.000,2200018904.617
239.000,2200018782.489
240.000,2200018640.401
241.000,2200018517.099
242.000,2200018369.584
243.000,2200018245.679
244.000,2200018096.988
245.000,2200017972.350
246.000,2200017822.953
247.000,2200017685.386
248.000,2200017559.424
249.000,2200017408.877
250.000,2200017286.397
251.000,2200017135.164
252.000,2200016995.416
253.000,2200016850.975
254.000,2200016710.413
255.000,2200016581.617
256.000,2200016428.340
257.000,2200016290.764
258.000,2200016148.828
259.000,2200016002.035
260.000,2200015871.312
261.000,2200015715.896
262.000,2200015572.231
263.000,2200015428.452
264.000,2200015283.842
265.000,2200015139.115
266.000,2200014989.686
267.000,2200014848.362
268.000,2200014702.799
269.000,2200014568.138
270.000,2200014410.028
271.000,2200014274.752
272.000,2200014115.572
273.000,2200013963.583
274.000,2200013815.431
275.000,2200013667.233
276.000,2200013518.335
277.000,2200013369.561
278.000,2200013216.012
279.000,2200013066.369
280.000,2200012919.579
281.000,2200012765.504
282.000,2200012614.794
283.000,2200012463.732
284.000,2200012300.177
285.000,2200012156.615
286.000,2200011996.687
287.000,2200011855.847
288.000,2200011699.532
289.000,2200011534.174
290.000,2200011381.112
291.000,2200011223.727
292.000,2200011085.013
293.000,2200010930.979
294.000,2200010769.095
295.000,2200010606.345
296.000,2200010451.036
297.000,2200010303.739
298.000,2200010136.008
299.000,2200009979.971
300.000,2200009832.557
301.000,2200009663.970
302.000,2200009495.884
303.000,2200009350.473
304.000,2200009181.459
305.000,2200009032.320
306.000,2200008862.600
307.000,2200008716.638
308.000,2200008554.635
309.000,2200008396.448
310.000,2200008237.400
311.000,2200008066.649
312.000,2200007904.134
313.000,2200007756.187
314.000,2200007581.828
315.000,2200007422.148
316.000,2200007262.296
317.000,2200007101.386
318.000,2200006937.823
319.000,2200006777.664
320.000,2200006614.296
321.000,2200006453.164
322.000,2200006288.240
323.000,2200006127.710
324.000,2200005965.340
325.000,2200005792.765
326.000,2200005630.450
327.000,2200005477.295
328.000,2200005300.423
329.000,2200005138.161
330.000,2200004975.602
331.000,2200004810.039
332.000,2200004646.933
333.000,2200004481.556
334.000,2200004318.737
335.000,2200004155.768
336.000,2200003989.797
337.000,2200003815.804
338.000,2200003648.602
339.000,2200003497.585
340.000,2200003321.759
341.000,2200003155.539
342.000,2200002989.244
343.000,2200002825.332
344.000,2200002659.113
345.000,2200002483.481
346.000,2200002317.394
347.000,2200002163.905
348.000,2200001997.198
349.000,2200001822.637
350.000,2200001655.856
351.000,2200001491.547
352.000,2200001326.442
353.000,2200001160.026
354.000,2200000983.948
355.000,2200000828.944
356.000,2200000651.173
357.000,2200000486.353
358.000,2200000330.412
359.000,2200000165.866
360.000,2199999991.570
361.000,2199999813.405
362.000,2199999657.411
363.000,2199999490.498
364.000,2199999326.435
365.000,2199999149.833
366.000,2199998996.125
367.000,2199998828.970
368.000,2199998652.044
369.000,2199998478.100
370.000,2199998322.589
371.000,2199998156.911
372.000,2199997984.389
373.000,2199997828.974
374.000,2199997651.855
375.000,2199997487.626
376.000,2199997322.967
377.000,2199997159.140
378.000,2199996992.240
379.000,2199996828.820
380.000,2199996653.670
381.000,2199996489.165
382.000,2199996323.955
383.000,2199996161.462
384.000,2199995998.225
385.000,2199995823.814
386.000,2199995669.724
387.000,2199995505.685
388.000,2199995335.262
389.000,2199995169.142
390.000,2199995007.447
391.000,2199994834.056
392.000,2199994672.393
393.000,2199994509.315
394.000,2199994346.415
395.000,2199994185.179
396.000,2199994023.891
397.000,2199993852.340
398.000,2199993689.610
399.000,2199993537.628
400.000,2199993367.260
401.000,2199993205.680
402.000,2199993047.213
403.000,2199992875.146
404.000,2199992715.809
405.000,2199992556.387
406.000,2199992396.484
407.000,2199992237.813
408.000,2199992076.792
409.000,2199991909.467
410.000,2199991758.984
411.000,2199991591.741
412.000,2199991433.157
413.000,2199991277.644
414.000,2199991118.013
415.000,2199990953.159
416.000,2199990793.225
417.000,2199990638.082
418.000,2199990480.879
419.000,2199990324.316
420.000,2199990167.996
421.000,2199990004.535
422.000,2199989848.179
423.000,2199989694.041
424.000,2199989529.334
425.000,2199989385.023
426.000,2199989222.775
427.000,2199989068.063
428.000,2199988906.037
429.000,2199988760.903
430.000,2199988600.573
431.000,2199988448.922
432.000,2199988297.581
433.000,2199988144.290
434.000,2199987994.532
435.000,2199987841.548
436.000,2199987691.807
437.000,2199987533.358
438.000,2199987382.054
439.000,2199987224.808
440.000,2199987073.870
441.000,2199986928.192
442.000,2199986769.284
443.000,2199986622.365
444.000,2199986474.822
445.000,2199986327.969
446.000,2199986179.442
447.000,2199986034.984
448.000,2199985887.866
449.000,2199985733.693
450.000,2199985589.385
451.000,2199985444.425
452.000,2199985290.059
453.000,2199985148.185
454.000,2199985004.688
455.000,2199984861.886
456.000,2199984708.609
457.000,2199984568.952
458.000,2199984426.329
459.000,2199984285.095
460.000,2199984143.915
461.000,2199983995.729
462.000,2199983855.709
463.000,2199983705.100
464.000,2199983568.602
465.000,2199983428.409
466.000,2199983282.868
467.000,2199983142.521
468.000,2199983006.639
469.000,2199982869.122
470.000,2199982733.699
471.000,2199982597.671
472.000,2199982451.339
473.000,2199982318.393
474.000,2199982180.907
475.000,2199982040.722
476.000,2199981906.127
477.000,2199981766.515
478.000,2199981632.069
479.000,2199981499.451
480.000,2199981367.911
481.000,2199981235.079
482.000,2199981098.120
483.000,2199980966.498
484.000,2199980828.839
485.000,2199980698.015
486.000,2199980569.037
487.000,2199980440.648
488.000,2199980306.145
489.000,2199980177.118
490.000,2199980050.573
491.000,2199979922.386
492.000,2199979791.374
493.000,2199979663.375
494.000,2199979537.212
495.000,2199979406.629
496.000,2199979281.001
497.000,2199979151.113
498.000,2199979026.018
499.000,2199978901.699
500.000,2199978778.814
501.000,2199978650.525
502.000,2199978528.545
503.000,2199978405.970
504.000,2199978279.388
505.000,2199978159.421
506.000,2199978032.905
507.000,2199977915.356
508.000,2199977795.560
509.000,2199977677.870
510.000,2199977550.332
511.000,2199977437.198
512.000,2199977316.126
513.000,2199977200.975
514.000,2199977078.781
515.000,2199976958.171
516.000,2199976839.512
517.000,2199976726.951
518.000,2199976605.286
519.000,2199976492.914
520.000,2199976379.550
521.000,2199976266.610
522.000,2199976150.412
523.000,2199976037.632
524.000,2199975917.090
525.000,2199975807.067
526.000,2199975702.062
527.000,2199975585.986
528.000,2199975467.055
529.000,2199975363.266
530.000,2199975248.269
531.000,2199975136.855
532.000,2199975027.996
533.000,2199974922.312
534.000,2199974811.624
535.000,2199974703.109
536.000,2199974598.761
537.000,2199974488.761
538.000,2199974379.743
539.000,2199974279.837
540.000,2199974164.627
541.000,2199974068.132
542.000,2199973959.473
543.000,2199973862.637
544.000,2199973754.496
545.000,2199973647.944
546.000,2199973545.032
547.000,2199973441.270
548.000,2199973339.575
549.000,2199973236.008
550.000,2199973135.528
551.000,2199973037.008
552.000,2199972933.635
553.000,2199972837.859
554.000,2199972741.737
555.000,2199972636.335
556.000,2199972538.320
557.000,2199972444.912
558.000,2199972345.478
559.000,2199972246.903
560.000,2199972149.770
561.000,2199972054.523
562.000,2199971956.533
563.000,2199971863.637
564.000,2199971772.899
565.000,2199971676.634
566.000,2199971583.284
567.000,2199971486.887
568.000,2199971396.977
569.000,2199971299.198
570.000,2199971213.620
571.000,2199971117.797
572.000,2199971026.162
573.000,2199970937.674
574.000,2199970848.720
575.000,2199970757.639
576.000,2199970663.195
577.000,2199970579.797
578.000,2199970491.141
579.000,2199970398.681
580.000,2199970317.196
581.000,2199970230.509
582.000,2199970142.421
583.000,2199970051.824
584.000,2199969969.391
585.000,2199969884.141
586.000,2199969796.959
587.000,2199969717.692
588.000,2199969625.017
589.000,2199969540.878
590.000,2199969457.755
591.000,2199969380.759
592.000,2199969295.666
593.000,2199969218.661
594.000,2199969128.473
595.000,2199969054.284
596.000,2199968970.689
597.000,2199968890.155
598.000,2199968808.624
599.000,2199968733.425
600.000,2199968647.708
601.000,2199968568.372
602.000,2199968487.645
603.000,2199968414.637
604.000,2199968333.927
605.000,2199968257.797
606.000,2199968184.688
607.000,2199968105.102
608.000,2199968032.091
609.000,2199967960.821
610.000,2199967877.719
611.000,2199967804.283
612.000,2199967730.594
613.000,2199967653.302
614.000,2199967578.574
615.000,2199967505.096
616.000,2199967435.247
617.000,2199967361.058
618.000,2199967287.952
619.000,2199967218.805
620.000,2199967144.048
621.000,2199967077.546
622.000,2199967008.101
623.000,2199966935.204
624.000,2199966866.890
625.000,2199966796.342
626.000,2199966721.450
627.000,2199966659.206
628.000,2199966587.207
629.000,2199966517.904
630.000,2199966453.492
631.000,2199966377.446
632.000,2199966319.564
633.000,2199966248.745
634.000,2199966178.849
635.000,2199966122.731
636.000,2199966051.708
637.000,2199965990.018
638.000,2199965917.814
639.000,2199965854.558
640.000,2199965792.027
641.000,2199965730.178
642.000,2199965664.491
643.000,2199965601.776
644.000,2199965537.773
645.000,2199965476.471
646.000,2199965416.849
647.000,2199965353.298
648.000,2199965292.527
649.000,2199965233.248
650.000,2199965163.493
651.000,2199965104.416
652.000,2199965045.271
653.000,2199964986.442
654.000,2199964931.212
655.000,2199964873.679
656.000,2199964810.135
657.000,2199964747.547
658.000,2199964691.978
659.000,2199964630.360
660.000,2199964573.612
661.000,2199964524.539
662.000,2199964461.887
663.000,2199964406.395
664.000,2199964350.847
665.000,2199964296.312
666.000,2199964230.925
667.000,2199964182.733
668.000,2199964128.270
669.000,2199964070.597
670.000,2199964017.066
671.000,2199963962.658
672.000,2199963910.092
673.000,2199963856.795
674.000,2199963804.367
675.000,2199963748.166
676.000,2199963696.342
677.000,2199963644.692
678.000,2199963592.149
679.000,2199963534.664
680.000,2199963489.784
681.000,2199963439.188
682.000,2199963388.472
683.000,2199963333.890
684.000,2199963288.074
685.000,2199963233.600
686.000,2199963184.691
687.000,2199963134.629
688.000,2199963085.826
689.000,2199963036.971
690.000,2199962984.125
691.000,2199962939.794
692.000,2199962894.036
693.000,2199962843.990
694.000,2199962791.402
695.000,2199962744.640
696.000,2199962697.006
697.000,2199962650.005
698.000,2199962603.089
699.000,2199962563.419
700.000,2199962517.488
701.000,2199962470.627
702.000,2199962418.185
703.000,2199962375.156
704.000,2199962334.184
705.000,2199962281.544
706.000,2199962243.749
707.000,2199962199.424
708.000,2199962153.730
709.000,2199962110.225
710.000,2199962065.384
711.000,2199962021.936
712.000,2199961981.871
713.000,2199961934.357
714.000,2199961895.634
715.000,2199961847.782
716.000,2199961805.142
717.000,2199961772.498
718.000,2199961723.192
