Time(s),Frequency(Hz)
0.000,2200023168.964
1.000,2200023085.568
2.000,2200023012.127
3.000,2200022928.016
4.000,2200022845.511
5.000,2200022759.488
6.000,2200022676.849
7.000,2200022591.138
8.000,2200022506.509
9.000,2200022421.122
10.000,2200022335.282
11.000,2200022249.279
12.000,2200022175.004
13.000,2200022076.486
14.000,2200021999.992
15.000,2200021903.932
16.000,2200021816.871
17.000,2200021739.500
18.000,2200021651.054
19.000,2200021565.099
20.000,2200021476.969
21.000,2200021388.656
22.000,2200021308.539
23.000,2200021219.819
24.000,2200021130.833
25.000,2200021041.573
26.000,2200020952.238
27.000,2200020862.673
28.000,2200020771.693
29.000,2200020680.778
30.000,2200020600.631
31.000,2200020510.032
32.000,2200020418.341
33.000,2200020318.119
34.000,2200020235.431
35.000,2200020143.741
36.000,2200020061.587
37.000,2200019968.771
38.000,2200019865.481
39.000,2200019772.884
40.000,2200019689.892
41.000,2200019596.335
42.000,2200019502.245
43.000,2200019408.180
44.000,2200019325.143
45.000,2200019229.531
46.000,2200019125.995
47.000,2200019029.945
48.000,2200018945.191
49.000,2200018849.803
50.000,2200018754.188
51.000,2200018658.381
52.000,2200018561.153
53.000,2200018464.924
54.000,2200018368.361
55.000,2200018271.610
56.000,2200018185.112
57.000,2200018075.987
58.000,2200017987.976
59.000,2200017891.704
60.000,2200017792.456
61.000,2200017704.821
62.000,2200017596.007
63.000,2200017506.867
64.000,2200017409.231
65.000,2200017309.133
66.000,2200017209.600
67.000,2200017109.076
68.000,2200017007.976
69.000,2200016908.121
70.000,2200016806.631
71.000,2200016716.903
72.000,2200016616.375
73.000,2200016515.605
74.000,2200016414.453
75.000,2200016310.696
76.000,2200016219.942
77.000,2200016108.859
78.000,2200016005.659
79.000,2200015902.248
80.000,2200015810.612
81.000,2200015706.804
82.000,2200015605.287
83.000,2200015499.713
84.000,2200015396.592
85.000,2200015302.601
86.000,2200015199.069
87.000,2200015083.312
88.000,2200014978.028
89.000,2200014883.223
90.000,2200014780.077
91.000,2200014674.178
92.000,2200014568.080
93.000,2200014463.012
94.000,2200014356.514
95.000,2200014260.530
96.000,2200014156.177
97.000,2200014049.072
98.000,2200013932.302
99.000,2200013834.258
100.000,2200013737.318
101.000,2200013629.441
102.000,2200013511.869
103.000,2200013403.618
104.000,2200013307.166
105.000,2200013187.774
106.000,2200013089.706
107.000,2200012980.679
108.000,2200012872.746
109.000,2200012775.406
110.000,2200012653.815
111.000,2200012554.788
112.000,2200012435.376
113.000,2200012335.980
114.000,2200012225.753
115.000,2200012114.030
116.000,2200012004.655
117.000,2200011895.125
118.000,2200011782.829
119.000,2200011672.977
120.000,2200011560.332
121.000,2200011460.921
122.000,2200011349.322
123.000,2200011237.403
124.000,2200011125.474
125.000,2200011013.351
126.000,2200010903.501
127.000,2200010789.671
128.000,2200010685.630
129.000,2200010571.551
130.000,2200010462.339
131.000,2200010350.230
132.000,2200010236.990
133.000,2200010121.438
134.000,2200010007.870
135.000,2200009894.307
136.000,2200009779.092
137.000,2200009678.229
138.000,2200009563.298
139.000,2200009449.903
140.000,2200009333.353
141.000,2200009210.125
142.000,2200009106.391
143.000,2200008987.947
144.000,2200008876.608
145.000,2200008760.121
146.000,2200008642.748
147.000,2200008527.461
148.000,2200008424.867
149.000,2200008309.363
150.000,2200008193.517
151.000,2200008077.021
152.000,2200007963.145
153.000,2200007844.930
154.000,2200007728.753
155.000,2200007623.109
156.000,2200007495.920
157.000,2200007379.203
158.000,2200007271.315
159.000,2200007143.665
160.000,2200007036.976
161.000,2200006921.956
162.000,2200006802.703
163.000,2200006686.301
164.000,2200006566.791
165.000,2200006451.434
166.000,2200006343.339
167.000,2200006225.645
168.000,2200006107.846
169.000,2200005990.618
170.000,2200005871.567
171.000,2200005751.397
172.000,2200005634.118
173.000,2200005518.433
174.000,2200005398.148
175.000,2200005278.547
176.000,2200005171.541
177.000,2200005053.740
178.000,2200004922.976
179.000,2200004804.337
180.000,2200004696.898
181.000,2200004576.854
182.000,2200004456.748
183.000,2200004338.402
184.000,2200004217.481
185.000,2200004099.593
186.000,2200003981.206
187.000,2200003860.613
188.000,2200003742.004
189.000,2200003631.425
190.000,2200003513.379
191.000,2200003392.745
192.000,2200003271.967
193.000,2200003142.447
194.000,2200003034.695
195.000,2200002913.964
196.000,2200002793.102
197.000,2200002672.205
198.000,2200002561.952
199.000,2200002443.341
200.000,2200002322.531
201.000,2200002203.733
202.000,2200002082.859
203.000,2200001951.800
204.000,2200001832.296
205.000,2200001722.586
206.000,2200001600.486
207.000,2200001480.307
208.000,2200001361.261
209.000,2200001240.236
210.000,2200001131.097
211.000,2200001009.005
212.000,2200000890.889
213.000,2200000758.999
214.000,2200000638.624
215.000,2200000527.652
216.000,2200000407.383
217.000,2200000277.700
218.000,2200000167.745
219.000,2200000047.240
220.000,2199999926.739
221.000,2199999806.365
222.000,2199999684.805
223.000,2199999564.573
224.000,2199999445.286
225.000,2199999324.367
226.000,2199999205.339
227.000,2199999084.072
228.000,2199998974.968
229.000,2199998842.608
230.000,2199998734.323
231.000,2199998613.200
232.000,2199998483.507
233.000,2199998373.639
234.000,2199998252.468
235.000,2199998132.240
236.000,2199998012.331
237.000,2199997894.163
238.000,2199997772.468
239.000,2199997654.359
240.000,2199997543.673
241.000,2199997424.085
242.000,2199997293.779
243.000,2199997174.143
244.000,2199997054.983
245.000,2199996944.385
246.000,2199996826.968
247.000,2199996706.320
248.000,2199996576.809
249.000,2199996467.893
250.000,2199996349.198
251.000,2199996230.274
252.000,2199996110.254
253.000,2199995991.616
254.000,2199995872.876
255.000,2199995753.095
256.000,2199995646.089
257.000,2199995516.573
258.000,2199995398.129
259.000,2199995279.095
260.000,2199995160.967
261.000,2199995052.848
262.000,2199994935.142
263.000,2199994816.320
264.000,2199994697.598
265.000,2199994579.998
266.000,2199994462.536
267.000,2199994344.426
268.000,2199994227.753
269.000,2199994109.897
270.000,2199993981.980
271.000,2199993875.154
272.000,2199993757.457
273.000,2199993640.646
274.000,2199993523.507
275.000,2199993406.955
276.000,2199993290.958
277.000,2199993173.868
278.000,2199993056.847
279.000,2199992941.059
280.000,2199992824.502
281.000,2199992709.105
282.000,2199992592.440
283.000,2199992477.337
284.000,2199992361.204
285.000,2199992245.384
286.000,2199992130.398
287.000,2199992014.948
288.000,2199991899.696
289.000,2199991795.476
290.000,2199991671.036
291.000,2199991565.358
292.000,2199991450.802
293.000,2199991336.209
294.000,2199991213.617
295.000,2199991099.493
296.000,2199990993.222
297.000,2199990871.462
298.000,2199990766.948
299.000,2199990643.896
300.000,2199990540.108
301.000,2199990428.204
302.000,2199990315.122
303.000,2199990200.732
304.000,2199990088.390
305.000,2199989975.455
306.000,2199989864.536
307.000,2199989752.318
308.000,2199989630.920
309.000,2199989529.788
310.000,2199989416.789
311.000,2199989305.742
312.000,2199989194.171
313.000,2199989084.569
314.000,2199988972.423
315.000,2199988862.832
316.000,2199988741.940
317.000,2199988641.981
318.000,2199988521.824
319.000,2199988420.848
320.000,2199988303.290
321.000,2199988201.857
322.000,2199988093.461
323.000,2199987984.523
324.000,2199987875.527
325.000,2199987767.153
326.000,2199987658.091
327.000,2199987550.298
328.000,2199987441.831
329.000,2199987333.381
330.000,2199987226.516
331.000,2199987118.260
332.000,2199987002.375
333.000,2199986894.860
334.000,2199986788.643
335.000,2199986690.263
336.000,2199986584.667
337.000,2199986478.561
338.000,2199986363.219
339.000,2199986266.443
340.000,2199986151.776
341.000,2199986055.794
342.000,2199985950.685
343.000,2199985846.185
344.000,2199985741.202
345.000,2199985636.639
346.000,2199985532.267
347.000,2199985419.107
348.000,2199985324.881
349.000,2199985211.920
350.000,2199985108.913
351.000,2199985006.251
352.000,2199984902.729
353.000,2199984800.662
354.000,2199984706.720
355.000,2199984596.272
356.000,2199984493.489
357.000,2199984392.339
358.000,2199984290.900
359.000,2199984189.960
360.000,2199984088.713
361.000,2199983987.926
362.000,2199983887.582
363.000,2199983786.543
364.000,2199983687.369
365.000,2199983586.943
366.000,2199983487.446
367.000,2199983388.413
368.000,2199983280.618
369.000,2199983190.892
370.000,2199983083.856
371.000,2199982986.204
372.000,2199982895.089
373.000,2199982789.312
374.000,2199982700.062
375.000,2199982594.530
376.000,2199982497.456
377.000,2199982400.350
378.000,2199982304.202
379.000,2199982207.266
380.000,2199982111.656
381.000,2199982015.411
382.000,2199981919.778
383.000,2199981825.231
384.000,2199981720.582
385.000,2199981635.227
386.000,2199981539.827
387.000,2199981446.662
388.000,2199981350.942
389.000,2199981250.007
390.000,2199981157.017
391.000,2199981063.536
392.000,2199980970.561
393.000,2199980877.732
394.000,2199980785.149
395.000,2199980692.002
396.000,2199980600.339
397.000,2199980508.281
398.000,2199980417.480
399.000,2199980319.015
400.000,2199980234.457
401.000,2199980136.735
402.000,2199980053.045
403.000,2199979963.207
404.000,2199979865.684
405.000,2199979777.097
406.000,2199979687.697
407.000,2199979598.248
408.000,2199979510.398
409.000,2199979420.116
410.000,2199979331.864
411.000,2199979244.193
412.000,2199979156.767
413.000,2199979060.466
414.000,2199978974.281
415.000,2199978887.462
416.000,2199978799.765
417.000,2199978714.099
418.000,2199978627.856
419.000,2199978533.310
420.000,2199978455.895
421.000,2199978362.312
422.000,2199978284.329
423.000,2199978191.760
424.000,2199978108.824
425.000,2199978023.429
426.000,2199977939.388
427.000,2199977855.736
428.000,2199977772.173
429.000,2199977688.221
430.000,2199977605.590
431.000,2199977522.371
432.000,2199977439.184
433.000,2199977350.128
434.000,2199977269.022
435.000,2199977186.139
436.000,2199977105.791
437.000,2199977023.805
438.000,2199976942.158
